demo/minemap/wind/data/WIND_2019031000_006.json
{"header": { "discipline":0, "disciplineName":"Meteorological products", "gribEdition":2, "gribLength":74161, "center":7, "centerName":"US National Weather Service - NCEP(WMC)", "subcenter":0, "refTime":"2019-03-06T00:00:00.000Z", "significanceOfRT":1, "significanceOfRTName":"Start of forecast", "productStatus":0, "productStatusName":"Operational products", "productType":1, "productTypeName":"Forecast products", "productDefinitionTemplate":0, "productDefinitionTemplateName":"Analysis/forecast at horizontal level/layer at a point in time", "parameterCategory":2, "parameterCategoryName":"Momentum", "parameterNumber":3, "parameterNumberName":"V-component_of_wind", "parameterUnit":"m.s-1", "genProcessType":2, "genProcessTypeName":"Forecast", "forecastTime":0, "surface1Type":103, "surface1TypeName":"Specified height level above ground", "surface1Value":10.0, "surface2Type":255, "surface2TypeName":"Missing", "surface2Value":0.0, "gridDefinitionTemplate":0, "gridDefinitionTemplateName":"Latitude_Longitude", "numberPoints":65160, "shape":6, "shapeName":"Earth spherical with radius of 6,371,229.0 m", "gridUnits":"degrees", "resolution":48, "winds":"true", "scanMode":0, "nx":360, "ny":181, "basicAngle":0, "lo1":0.0, "la1":90.0, "lo2":359.0, "la2":-90.0, "dx":1.0, "dy":1.0 }, "data":
[rows 100 to 124 of 181, columns 116 to 173 of 360]
1.6808496,0.6108496,0.2808496,-1.8491504,-0.58915037,-1.2391504,-0.3691504,0.5608496,8.496094E-4,-1.0991504,1.9708496,3.8608496,4.3908496,3.5008497,-1.5391504,-4.1691504,-3.2091503,-1.2491504,-0.3691504,-1.2891504,-0.8291504,-0.5491504,1.7208496,-0.77915037,-2.4691503,-1.3091503,-1.6191504,-0.1691504,-0.35915038,0.07084961,0.2508496,-2.1691504,1.1308496,1.1508496,-2.2391503,-0.65915036,0.23084961,0.66084963,1.2208496,1.5708497,1.6108496,1.5208496,1.3408496,1.9408497,1.8508496,-0.029150391,2.9508495,2.1008496,1.8608496,1.8208497,1.9808496,1.9508497,1.7408496,0.9908496,0.5708496,0.4308496,0.8808496,0.3408496
1.7008497,0.16084962,-0.03915039,-0.8491504,-0.5991504,-0.4091504,-0.3991504,0.7408496,1.2908496,1.6708496,3.0908496,3.8008497,3.5808496,1.9708496,-0.5491504,-2.3791504,-1.9791504,-0.5091504,0.23084961,-0.7491504,-1.2991503,-0.44915038,0.8108496,-0.7291504,-1.2291504,-1.6991504,-1.3291504,0.05084961,0.6708496,0.7108496,0.3508496,0.4908496,-0.2591504,0.02084961,-1.5591503,-2.2991505,-0.6191504,-0.22915038,0.21084961,0.8008496,0.7408496,1.3008496,1.9308496,1.5308496,1.6708496,1.2308496,0.9008496,1.7908496,1.5008496,1.4408497,1.4408497,1.4608496,1.7408496,2.1708496,2.4408495,1.6308496,0.2208496,0.4108496
1.1208496,0.6808496,0.20084961,-0.2591504,0.2908496,0.4608496,0.8208496,1.3008496,1.7108496,2.2708497,3.0508497,3.4208496,2.4908495,1.7808496,0.04084961,-0.5191504,0.66084963,0.59084964,2.1108496,0.9508496,-1.1291504,-0.6991504,-0.35915038,-0.6191504,-2.2891505,-2.0891504,-0.14915039,-0.22915038,0.2608496,-0.07915039,-1.3591504,-1.3891504,-1.2291504,-1.4691504,-1.7691504,-2.0291505,-1.4891504,-0.8091504,-1.2691504,8.496094E-4,0.5808496,-0.05915039,0.6108496,0.7608496,1.4708496,1.7808496,1.9308496,1.8808496,1.3208497,0.7508496,0.6508496,1.1708496,0.8108496,0.8808496,0.78084964,0.2908496,0.5408496,0.59084964
0.8008496,1.2008497,1.4208496,0.8708496,0.48084962,0.7508496,1.4008496,2.1208496,2.7808497,3.2008495,3.2808497,3.1408496,1.1808496,-0.0091503905,0.9508496,-0.2191504,-0.2891504,0.12084961,0.5108496,0.9208496,0.4908496,-0.06915039,0.23084961,-0.4091504,-2.3291504,-4.3991504,-0.7491504,0.12084961,1.0808496,0.9508496,0.8208496,-2.4291503,-2.5491505,-2.2391503,-2.4591503,-2.5891504,-2.6591504,-1.5191504,-2.3191504,-1.7191504,-0.7291504,-0.4891504,-0.4091504,0.1708496,0.7608496,1.7808496,2.7008495,2.4708495,1.6408496,0.36084962,0.3708496,0.36084962,1.2808496,0.4608496,1.0208496,0.6408496,-0.06915039,0.23084961
1.0308496,0.9008496,0.42084962,-0.2591504,-0.38915038,0.15084961,1.0008496,2.1408496,2.9208496,3.0408497,3.6608496,2.2608497,1.2508496,-2.4791503,-1.1591504,-0.8491504,-0.7291504,0.3208496,0.1708496,0.5008496,1.2108496,0.15084961,0.4408496,0.8708496,-0.6791504,-2.1991503,-1.8391504,-0.9791504,0.2608496,2.9208496,2.4908495,0.48084962,-2.4591503,-2.5291505,-2.5691504,-2.8791504,-2.9391503,-2.7991505,-3.4391503,-2.8191504,-2.2391503,-1.3791504,-1.2791504,-0.29915038,0.7308496,1.9208496,2.5508497,2.4008496,0.84084964,-0.17915039,0.3208496,0.7708496,0.6308496,0.8308496,0.39084962,0.4408496,0.5208496,-0.41915038
0.23084961,0.42084962,0.18084961,0.33084962,0.8508496,0.6108496,0.7708496,1.3508496,1.9808496,2.8408496,3.1808496,2.3908496,0.9408496,-2.5291505,-2.9591503,-2.2191503,-1.8291504,-0.4291504,-0.4091504,-0.019150391,-1.0791504,-0.03915039,0.9808496,0.5008496,0.2908496,-0.71915036,-0.7591504,-1.1591504,-0.35915038,1.3208497,3.6408496,2.3108497,-0.35915038,-2.1191504,-2.8091505,-2.9791503,-3.1691504,-4.1291504,-3.8191504,-3.8391504,-3.3891504,-2.4691503,-1.6191504,-0.47915038,0.6408496,1.7108496,2.7108495,3.2608497,2.2308495,-0.06915039,0.23084961,-0.23915039,0.4008496,0.4308496,0.05084961,-1.0691504,-0.6691504,0.100849606
3.5908496,3.6708496,3.6808496,3.1408496,2.2608497,1.5908496,0.9008496,0.6408496,0.7008496,0.5808496,2.1108496,1.8208497,1.8008496,0.010849609,-3.4391503,-3.4291503,-2.7391503,-1.8091503,-1.7791504,-1.5891504,-0.2491504,0.2908496,1.8408496,1.8108497,1.8508496,0.02084961,0.39084962,-0.90915036,-0.4891504,-0.2791504,4.9108496,3.4908495,1.3208497,-1.5091504,-2.7691505,-2.9691503,-3.0191505,-2.8991504,-4.5891504,-5.05915,-4.0691504,-3.0791504,-1.9391503,-0.8891504,-0.049150392,1.2308496,2.3608496,3.1408496,3.1708496,3.0308497,2.2808497,0.1408496,-0.10915039,-0.4291504,-0.1691504,-1.1291504,-1.3891504,-1.2291504
4.7208495,4.7208495,4.3908496,3.3608496,2.4008496,1.6708496,1.0208496,-0.03915039,-0.4291504,-1.3791504,-1.8591504,-0.4391504,-0.20915039,2.6308496,-0.71915036,-2.3591504,-1.9991504,-3.1291504,-3.3191504,-3.1791503,-1.6391504,-0.3191504,0.21084961,0.21084961,2.0908496,2.1708496,2.9108496,-0.1691504,-1.7491504,-0.35915038,3.0708497,4.5308495,1.2608496,-1.1891503,-2.5391505,-3.1691504,-3.1091504,-2.7291503,-5.6291504,-6.4691505,-5.7191505,-4.3891506,-2.3591504,-1.3391504,-0.3791504,0.5408496,1.8808496,3.1808496,3.6208496,3.7008495,2.1508496,1.8808496,0.53084964,-0.22915038,-0.019150391,-0.3391504,-1.6691504,-1.2591504
2.4008496,2.0508497,2.4208496,2.8008497,2.6008496,1.5508496,-0.049150392,0.18084961,-1.7491504,-3.5991504,-3.4191504,-3.2691505,-0.6991504,0.2508496,-0.38915038,-0.1691504,-1.2191504,-3.3091505,-4.07915,-3.6391504,-2.5091505,-0.6991504,0.5408496,1.2108496,1.4208496,2.1708496,1.3008496,-0.7291504,0.5208496,0.8308496,1.2508496,6.5708494,2.0508497,-1.5691504,-2.4291503,-3.7391503,-4.0891504,-4.57915,-6.2291503,-7.3991504,-6.4791503,-5.1691504,-3.3591504,-1.8991504,-0.8191504,0.2608496,1.3408496,2.4908495,3.2508497,3.0408497,3.1808496,2.3608496,2.1408496,1.6808496,1.8308496,0.07084961,-1.2991503,-2.2191503
1.2208496,0.7708496,0.8308496,1.2508496,1.1808496,0.8308496,0.2208496,-0.7091504,-1.9291503,-3.2191503,-5.6591506,-5.7191505,-3.4191504,-1.4291503,-0.7091504,0.2908496,0.4608496,-2.9591503,-3.7791505,-2.9791503,-2.3791504,-0.5491504,1.4408497,1.1108496,2.2008495,2.0708497,-0.049150392,-1.5991504,0.45084962,0.5408496,1.4708496,5.4108496,2.5808496,0.3508496,-0.47915038,-2.2691505,-3.4491503,-3.8891504,-6.5691504,-7.6791506,-6.3991504,-5.6391506,-3.8591504,-2.5791504,-1.3591504,-0.08915039,0.9008496,1.6108496,2.1808496,2.5408497,2.1408496,2.6608496,2.9508495,2.5008497,2.8708496,2.5408497,1.3408496,0.3708496
0.18084961,0.3208496,0.1408496,0.7508496,1.0608497,2.6208496,2.3708496,2.9408495,5.0808496,1.4008496,-6.07915,-5.9091506,-3.7391503,-2.3591504,-1.2391504,0.02084961,0.8808496,1.9308496,-0.44915038,-2.1791503,-1.7791504,-0.05915039,0.1908496,1.5408496,2.7908497,2.3108497,1.6708496,1.1208496,1.8908496,-0.4291504,1.3308496,1.5708497,2.2008495,4.5508494,0.9608496,-0.049150392,-2.0491505,-3.1491504,-7.2991505,-8.86915,-6.6091504,-5.36915,-4.4391503,-2.8091505,-1.5791504,0.07084961,-0.1391504,-0.26915038,1.0008496,2.9308496,1.6908497,2.6008496,3.3408496,2.9108496,2.5908496,2.6908495,2.2608497,2.0308497
-0.3391504,1.3408496,2.2908497,2.0808496,2.8808496,1.7208496,3.6908495,3.5908496,1.6808496,0.1908496,-6.86915,-5.8891506,-4.0291505,-3.2091503,-1.6491504,-0.71915036,1.1808496,0.8708496,0.3208496,-1.7991503,-1.7791504,-0.1691504,-0.2491504,2.0008497,2.7108495,2.8808496,0.66084963,0.1908496,1.8408496,1.1908497,1.4508497,0.9408496,1.6808496,3.3108497,2.8108497,1.8808496,-0.17915039,-3.4691503,-6.9391503,-8.559151,-6.4691505,-4.7191505,-4.1891503,-3.2491503,-0.9491504,0.30084962,0.6008496,-0.5591504,2.4108496,-0.8191504,4.5908494,2.8808496,3.5608497,3.4908495,2.6708496,1.8508496,1.9408497,2.5808496
3.4108496,1.4108496,0.9308496,0.3808496,0.8708496,1.8108497,4.94085,3.5008497,2.6708496,1.4908496,0.100849606,0.03084961,-0.7591504,-3.1191504,-3.5391505,-1.3791504,0.5708496,1.5208496,2.1108496,1.5908496,-0.77915037,-1.8091503,-1.0491503,1.4908496,3.2208495,2.3908496,1.3408496,-3.0191505,-1.5791504,-0.2591504,1.1108496,2.3208497,2.7908497,1.6208496,3.8908496,3.4608495,1.4908496,-2.0291505,-5.3791504,-7.7791505,-6.5291505,-4.9991503,-3.5591505,-2.0191505,-0.20915039,0.97084963,1.2808496,-0.19915038,0.23084961,3.1008496,4.0308495,1.8908496,2.5908496,2.6008496,1.3708496,0.5808496,1.5308496,2.1108496
4.5508494,-3.0991504,-3.6291504,0.72084963,2.1508496,3.0608497,3.2808497,2.2608497,4.3108497,3.6608496,2.4908495,1.3508496,1.1808496,2.2408495,2.1908495,1.6108496,3.3608496,3.7308495,5.7408495,5.0308495,3.2808497,0.7108496,-2.1591504,-0.3491504,1.3408496,2.5808496,2.2608497,-1.1891503,-2.7491503,-1.8491504,-0.6291504,1.1908497,2.1208496,2.4908495,2.4308496,4.8308496,2.5308497,0.2508496,-3.8091505,-6.28915,-6.0491505,-4.1291504,-3.4891503,-1.9591504,-0.5191504,0.2508496,0.1908496,-0.77915037,-0.29915038,0.5708496,0.08084961,0.72084963,1.6508496,1.9508497,0.6908496,0.6508496,1.2608496,1.6108496
-2.1091504,-1.8991504,0.7008496,0.06084961,1.5508496,1.8908496,3.5008497,3.8208497,4.5908494,4.7208495,4.3408494,2.5008497,1.5208496,3.8708496,5.1108494,4.7808495,4.2608495,4.71085,5.0108495,5.8208494,6.3408494,7.3608494,-0.09915039,-1.8891504,-0.17915039,3.0708497,3.7508497,-0.5491504,-3.7091503,-4.2191505,-2.1391504,-0.049150392,0.9308496,1.1308496,1.0808496,1.3308496,4.44085,-0.5591504,-2.2891505,-4.5291505,-5.1391506,-4.34915,-3.4491503,-2.6991503,-1.8091503,-1.2691504,-0.7091504,-0.7891504,-0.6691504,-0.5391504,-0.26915038,0.2208496,0.7908496,1.3808496,1.3608496,0.8308496,1.0008496,1.2308496
-1.6291504,-1.5791504,-1.0691504,0.7908496,1.2608496,2.5408497,4.0808496,4.4508495,4.6608496,5.65085,5.4908495,5.94085,3.6808496,3.1708496,4.8208494,5.7608495,6.7408495,7.3908496,8.09085,8.59085,8.88085,8.92085,8.55085,1.5208496,-0.83915037,0.7508496,1.5108496,-0.5991504,-4.82915,-4.2091503,-2.3891504,-1.5991504,-0.65915036,-0.52915037,-0.0091503905,0.66084963,0.4908496,0.8708496,-2.0091505,-2.5791504,-1.5791504,-1.5191504,-2.1891503,-2.8991504,-3.5391505,-3.1091504,-1.8991504,-1.8691504,-1.5891504,-1.0591503,-0.3491504,-0.26915038,-0.2491504,0.21084961,0.6408496,0.7708496,0.9908496,1.0308496
1.6008496,-0.7891504,-0.049150392,0.48084962,1.9008496,2.8808496,3.1908495,4.63085,5.0608497,5.0408497,5.8508496,6.1808496,6.46085,4.6408496,5.4508495,8.480849,8.190849,8.75085,9.2408495,9.270849,9.560849,9.9908495,9.51085,9.20085,5.0208497,2.2208495,0.21084961,-1.1591504,-4.3591504,-4.2491503,-3.3191504,-1.7591504,-2.2591505,-2.5591505,-2.1291504,-1.1291504,-0.3191504,0.42084962,-0.9791504,-1.8091503,-1.5791504,-1.3291504,-1.7391504,-2.4491503,-3.8091505,-4.84915,-3.9791503,-2.6291504,-1.7291504,-1.4991504,-1.2091504,-0.7991504,-0.58915037,-0.4691504,-0.2791504,-0.1691504,0.8608496,1.3508496
4.4308496,1.0308496,0.21084961,-0.05915039,0.4308496,1.4508497,2.5308497,3.0308497,4.3708496,4.2708497,4.3908496,4.8508496,4.7808495,3.9208496,5.2308497,5.8108497,6.8108497,8.62085,8.54085,9.070849,9.520849,10.2408495,9.400849,9.00085,9.18085,8.190849,3.9308496,0.2508496,-4.4191504,-4.34915,-3.6491504,-2.5391505,-3.4991503,-3.7991505,-3.3591504,-1.7991503,-1.4791504,-0.07915039,-1.2491504,-2.1391504,-2.0791504,-1.6291504,-2.1791503,-2.2991505,-3.2291503,-4.1991506,-4.4691505,-3.0991504,-2.4491503,-1.8391504,-1.3091503,-1.3691504,-1.0091504,-0.5491504,-0.6891504,-0.2191504,-0.1691504,0.16084962
-1.6591504,0.4308496,0.33084962,0.4608496,0.3408496,0.4708496,1.3808496,2.0808496,2.6408496,3.4408495,3.4708495,3.3108497,3.6408496,4.1008496,3.9008496,5.0308495,5.5308495,7.0708494,8.34085,8.940849,9.25085,9.7408495,9.41085,8.690849,9.980849,10.16085,8.17085,5.1608496,-0.1391504,-3.9691503,-4.5491505,-4.05915,-4.61915,-4.84915,-4.6891503,-2.4791503,-1.7891504,-1.9991504,-3.2891505,-2.8591504,-2.5291505,-2.1591504,-2.3691504,-3.2891505,-3.9591503,-4.6891503,-4.2591505,-3.8391504,-3.1391504,-2.4891503,-1.7391504,-0.5691504,-0.4091504,-0.3791504,-0.3091504,-0.65915036,-0.7291504,-1.4991504
-6.7391505,-3.0491505,-1.5391504,-0.6491504,-0.3391504,0.4608496,-0.06915039,1.2008497,2.0208497,2.5808496,2.6508496,3.3208497,3.5308497,4.2808495,4.1608496,4.5108495,5.3608494,6.2008495,7.71085,8.50085,9.58085,9.940849,9.30085,7.3608494,10.810849,10.30085,9.320849,8.20085,7.4708495,-1.7291504,-4.86915,-4.9591503,-5.8191504,-5.7991505,-4.86915,-2.9191504,-0.6891504,-2.2391503,-3.3091505,-4.9891505,-3.8391504,-2.9891503,-2.8591504,-3.8191504,-4.9191504,-5.09915,-5.0491505,-4.0691504,-3.4791503,-2.9191504,-2.0791504,-1.0691504,-0.09915039,-0.2491504,-0.38915038,0.30084962,0.05084961,-1.2291504
-1.4891504,-4.9891505,-5.4091506,-4.1491504,-1.3591504,-0.7291504,0.2608496,0.9908496,1.6408496,1.7508496,2.3208497,3.0308497,3.9708495,4.2308497,5.2208495,5.7308497,5.9708495,6.5108495,7.7508497,8.64085,9.600849,10.110849,10.39085,8.070849,10.33085,10.270849,9.770849,10.360849,10.030849,8.060849,-2.1391504,-5.6691504,-6.3791504,-5.9991503,-4.7091503,-3.0791504,-0.3691504,-2.4391503,-6.3891506,-6.84915,-5.9991503,-4.4891505,-4.5691504,-6.1091504,-6.36915,-5.6091504,-4.8791504,-4.5491505,-4.1891503,-3.1491504,-1.2891504,-0.3991504,-0.3391504,-0.47915038,0.33084962,0.7408496,0.6308496,-0.12915039
-1.3591504,-0.52915037,-1.6791503,-2.9691503,-3.0891504,-2.2091503,-1.0591503,0.04084961,0.1908496,0.6508496,0.9808496,1.7108496,2.1808496,3.2408495,4.3708496,4.8708496,5.6608496,6.3708496,7.5908494,8.270849,9.480849,10.310849,10.230849,7.2708497,8.97085,9.45085,10.17085,10.96085,11.190849,10.63085,7.1808496,-2.3491504,-5.2291503,-6.6491504,-6.6591506,-2.7991505,-1.6791503,-4.09915,-9.559151,-8.48915,-7.6491504,-6.3191504,-5.4591503,-7.0191503,-7.5191503,-5.7091503,-4.7091503,-4.55915,-4.3791504,-2.9191504,-1.8791504,-1.3891504,-1.1491504,-1.6191504,-0.9891504,0.05084961,0.4908496,1.1408496
-1.0691504,-1.1191504,-1.4391503,-3.1091504,-2.4991503,-1.9091504,-1.8491504,-0.96915036,8.496094E-4,0.1908496,0.9208496,1.8308496,2.4708495,4.0008497,5.2908497,6.5508494,7.1208496,6.9908495,6.65085,7.9508495,8.350849,9.190849,8.42085,7.6208496,9.360849,9.72085,9.2408495,9.22085,9.38085,9.63085,9.68085,8.270849,-1.2891504,-4.4491506,-4.4891505,-4.53915,-1.8091503,-7.5291505,-10.79915,-9.2591505,-8.82915,-7.7991505,-6.4491506,-6.9291506,-7.8391504,-6.61915,-5.4191504,-5.07915,-4.0891504,-3.2991505,-2.4491503,-1.5091504,-1.3791504,-1.2491504,-0.7091504,0.2608496,0.97084963,1.2808496
-1.0391504,-1.4491504,-1.5991504,-1.8791504,-2.2591505,-1.8591504,-1.9791504,-1.6591504,0.02084961,0.6708496,1.4708496,2.3008497,2.9908495,4.0308495,5.3208494,6.6008496,7.4308496,7.7608495,8.2408495,6.6608496,6.5408497,9.12085,7.90085,7.8208494,8.110849,7.9908495,8.780849,9.280849,9.570849,9.45085,6.13085,6.13085,6.5608497,-2.9191504,-3.5291505,-3.2591505,-3.1091504,-9.189151,-11.35915,-10.929151,-9.94915,-9.03915,-7.6291504,-8.189151,-8.83915,-8.15915,-7.2091503,-6.2291503,-4.86915,-4.1091504,-2.8291504,-1.8891504,-0.9591504,-0.58915037,-0.049150392,0.16084962,0.5608496,0.84084964
-0.83915037,-2.0391505,-1.9391503,-2.6391504,-3.4391503,-3.4791503,-1.7991503,-0.5991504,-0.3491504,0.8108496,1.7608496,2.5008497,3.4108496,4.5208497,5.5908494,6.4508495,7.2008495,7.6208496,7.8908496,7.88085,5.1208496,8.68085,6.13085,6.5108495,8.020849,7.7708497,7.5408497,8.43085,8.820849,8.95085,6.8608494,4.9908495,3.8708496,3.7108495,-2.1891503,-3.3191504,-6.11915,-10.31915,-12.94915,-12.309151,-11.36915,-10.2591505,-9.219151,-9.0091505,-9.44915,-9.20915,-8.61915,-7.36915,-6.32915,-4.8591504,-3.4291503,-3.0091505,-2.4591503,-1.4291503,-0.47915038,-0.3991504,-0.4991504,-0.2591504
