demo/minemap/wind/data/WIND_2019031000_006.json
{"header": { "discipline":0, "disciplineName":"Meteorological products", "gribEdition":2, "gribLength":74020, "center":7, "centerName":"US National Weather Service - NCEP(WMC)", "subcenter":0, "refTime":"2019-03-06T00:00:00.000Z", "significanceOfRT":1, "significanceOfRTName":"Start of forecast", "productStatus":0, "productStatusName":"Operational products", "productType":1, "productTypeName":"Forecast products", "productDefinitionTemplate":0, "productDefinitionTemplateName":"Analysis/forecast at horizontal level/layer at a point in time", "parameterCategory":2, "parameterCategoryName":"Momentum", "parameterNumber":2, "parameterNumberName":"U-component_of_wind", "parameterUnit":"m.s-1", "genProcessType":2, "genProcessTypeName":"Forecast", "forecastTime":0, "surface1Type":103, "surface1TypeName":"Specified height level above ground", "surface1Value":10.0, "surface2Type":255, "surface2TypeName":"Missing", "surface2Value":0.0, "gridDefinitionTemplate":0, "gridDefinitionTemplateName":"Latitude_Longitude", "numberPoints":65160, "shape":6, "shapeName":"Earth spherical with radius of 6,371,229.0 m", "gridUnits":"degrees", "resolution":48, "winds":"true", "scanMode":0, "nx":360, "ny":181, "basicAngle":0, "lo1":0.0, "la1":90.0, "lo2":359.0, "la2":-90.0, "dx":1.0, "dy":1.0 }, "data":
[rows 50 to 74 of 181, columns 114 to 170 of 360]
1.2262964,1.5562963,2.8162963,0.8062964,-0.5337036,-2.4637036,-2.1237037,-2.6737037,-1.6337036,1.1462964,0.8862964,0.5762964,0.8062964,2.0662963,-2.9037037,-2.3237035,-1.2537036,0.8362964,3.3062963,2.5162964,3.4262965,5.696296,3.7562964,4.3162966,4.1462965,3.6562965,-1.6437036,1.3262963,1.0862964,5.8962965,6.3362966,6.4562964,6.756296,6.4162965,6.3762965,6.716296,6.9562964,7.5262966,7.9162965,8.986297,10.306296,11.156297,11.816297,11.886296,11.796296,11.906297,12.656297,13.656297,14.486297,15.386296,16.356297,17.256296,18.446297,18.576296,18.856297,19.296297,19.916296
2.1962965,2.7162964,-0.29370362,0.5262964,0.096296385,-1.0037036,-3.2837036,-2.1037035,0.72629637,0.066296384,-0.5037036,0.7062964,0.036296386,1.3662964,4.486296,5.256296,6.4762964,6.6162963,4.9362965,4.8862963,4.946296,5.2962966,4.0162964,5.0362964,4.6362963,3.1462965,-0.71370363,0.2962964,5.3862963,4.216296,3.9362965,3.9762964,4.3562965,4.8262963,4.6362963,5.0362964,4.986296,5.5762963,6.676296,7.716296,8.676296,9.796296,10.346296,10.466296,10.526297,10.686296,11.6462965,12.866297,13.986297,14.876296,15.816297,17.046297,17.806297,18.186296,18.246296,17.966297,18.646296
1.7862964,0.8662964,0.056296386,0.72629637,0.3862964,-0.7237036,-1.8637036,0.006296387,-0.10370361,-0.4537036,-0.58370364,0.3462964,-0.6237036,-0.64370364,-0.7537036,0.8062964,4.966296,5.8962965,5.716296,5.216296,6.2462964,4.7962966,5.2862964,5.6162963,0.4862964,-0.113703616,0.2862964,3.8562963,3.5462964,2.3062963,2.0562963,1.7262964,1.6962963,1.7962964,2.3462963,2.7062964,2.6962965,3.3262963,4.5962963,5.8062963,6.506296,7.7762966,8.556296,9.056296,9.486297,9.976296,10.946297,12.196297,13.376296,14.696297,15.736297,17.016296,17.776297,18.066296,17.726295,17.346296,17.586296
1.5862964,0.59629637,-0.4337036,0.1962964,1.3362964,2.0062964,1.0662963,-0.64370364,0.6262964,0.7562964,2.5062964,4.1162963,3.4062965,-0.41370362,0.11629639,1.5662963,3.0662963,4.2862964,5.176296,5.8862963,7.0562963,5.2662964,5.8562965,1.7362964,0.23629639,-0.8237036,0.2662964,2.7462964,0.9962964,0.6862964,0.40629637,-0.8137036,-0.8737036,-0.013703614,0.5062964,0.7462964,1.2862964,2.2162964,2.7162964,3.9162965,4.3162966,5.8062963,6.926296,7.9062963,8.756296,9.366297,10.666296,11.726296,12.636296,14.056296,15.496296,16.726295,17.756296,18.636297,18.486296,17.766296,16.986296
1.7662964,-1.3437036,-1.7137036,-0.14370361,1.4262964,3.0862963,3.2762964,2.0562963,1.2862964,2.4462965,2.1562965,2.2862964,2.4062965,-0.4337036,0.45629638,0.8362964,1.3362964,1.3562964,4.5762963,5.8462963,3.9262965,2.2562964,-2.1237037,-0.70370364,2.4462965,-1.2937036,-0.083703615,-0.28370363,-0.6837036,-0.6137036,-1.3837036,-2.4037037,-2.2937036,-1.5437036,-0.8737036,-0.3037036,0.17629638,1.1762964,1.5862964,2.4562964,2.8762963,4.2662964,5.7662964,6.9762964,8.036297,8.726296,9.576297,10.816297,12.336296,12.976296,14.446297,15.636296,16.636297,17.326296,17.356297,16.766296,16.256296
-3.2437036,-1.6337036,-1.0837036,0.36629638,1.7662964,2.2562964,3.0462964,2.2762964,2.0562963,2.2962964,0.9662964,-0.24370362,-0.9337036,-0.3737036,-0.3737036,1.0062964,2.1662965,2.9962964,0.5162964,-0.6937036,-1.0937036,-1.0337036,-1.9137036,-2.2837036,-1.0637037,1.3262963,0.026296386,-1.7737036,-1.5237036,-1.7937036,-2.6437037,-3.6437037,-3.3237035,-2.8537035,-2.1937037,-1.7937036,-0.8837036,-0.0037036133,0.8162964,1.4662964,2.3262963,3.3462963,4.6862965,6.0862966,7.2662964,8.176296,9.006296,9.756296,10.916296,12.336296,13.696297,14.706296,15.546296,15.966296,15.806296,15.586296,15.276297
-0.70370364,-0.21370362,0.6962964,1.1362964,2.1362963,2.5062964,2.6262963,3.5862963,2.2762964,1.1162964,-0.5137036,-2.1437037,-4.2537036,-4.7337036,-4.1637034,-2.4737036,-3.5437036,-2.6237037,-0.7337036,-1.6437036,-0.9237036,-2.1637037,0.54629636,-0.4337036,-0.6237036,-1.5837036,-1.8937036,-2.0137036,-3.2137036,-3.5037036,-3.9737036,-4.803704,-4.553704,-3.9937036,-3.4437037,-2.9737036,-1.9237037,-1.0137036,-0.10370361,0.9362964,1.7462964,2.6562965,3.8462963,4.986296,5.966296,7.0162964,8.116297,9.006296,9.876296,11.086296,12.226296,13.126296,13.876296,14.306296,14.296296,14.156297,13.856297
0.24629639,-0.4237036,-0.38370362,0.4762964,1.3362964,1.8462964,1.6462964,2.6062963,0.9262964,0.3162964,-1.5737036,-3.8037035,-3.2037036,-6.6037035,-7.4637036,-5.533704,-0.9237036,-2.9137037,-5.513704,-3.3737037,-6.4537034,-5.013704,-3.2737036,-3.4937036,-4.033704,-2.7937036,-2.5737035,-4.3937035,-6.2737036,-5.9737034,-4.8337035,-5.9737034,-5.8537035,-5.3937035,-4.573704,-3.8337035,-3.2637036,-1.8337036,-0.7937036,0.17629638,1.3662964,2.1162963,3.2762964,3.9662964,4.6662965,5.6262965,6.966296,8.056296,9.186296,10.216296,11.066297,11.816297,12.226296,12.516296,12.636296,12.226296,11.256296
-1.1737037,-1.2037036,0.53629637,0.5762964,0.5562964,0.6962964,0.8962964,0.97629637,0.79629636,0.006296387,-2.3937037,-2.6637037,-6.1637034,-7.5237036,-4.073704,-5.783704,-8.263703,-2.7337036,-5.283704,-4.7037034,-4.7937036,-5.5037036,-6.783704,-7.1437035,-6.5837035,-4.763704,-3.7137036,-4.3737035,-6.073704,-7.303704,-7.3837037,-7.243704,-6.5937037,-6.6937037,-5.9737034,-5.3437037,-4.513704,-3.3037035,-1.7837036,-0.70370364,0.3862964,1.3462964,2.0162964,2.9962964,3.9462965,4.7062964,5.6862965,6.7762966,7.8362966,8.916296,9.876296,10.3962965,10.786297,11.006296,10.936296,9.996296,9.156297
-0.9337036,-1.1037036,-2.0537035,-0.2737036,0.49629638,0.72629637,1.7962964,1.1062964,0.18629639,-0.38370362,-1.0837036,-2.6937037,-2.3437035,7.4562964,-1.5537037,-6.8337035,-5.823704,-6.2337036,-6.1837034,-3.9537036,-2.8637037,-4.3537035,-7.0037036,-8.423703,-8.653704,-5.533704,-3.6337037,-4.9537034,-7.1337037,-8.6037035,-8.693704,-8.553703,-8.113704,-7.5837035,-6.8437037,-6.3937035,-5.6537037,-5.0637035,-4.073704,-3.0337036,-2.1237037,-1.1537036,-0.18370362,0.7062964,1.7462964,2.9362965,4.1162963,5.4062963,6.4062963,7.1462965,7.7962966,8.3962965,8.926296,9.266296,9.1462965,7.9562964,7.7762966
-0.96370363,0.4462964,-2.3937037,-1.1337036,-0.4537036,-0.13370362,0.066296384,2.0362964,5.9062963,2.7762964,2.6162963,2.5762963,8.286297,-1.1337036,-5.2137036,-7.0037036,-6.533704,-5.9237037,-6.2937036,-3.7837036,-3.7037036,-2.1237037,-2.4837036,-9.043704,-9.383703,-7.1637034,-4.6237035,-6.3537035,-8.803703,-8.8537035,-9.213703,-9.483704,-9.173703,-8.563704,-7.7537036,-6.9737034,-6.4037037,-6.2737036,-5.8137035,-4.993704,-4.3437037,-3.6537037,-3.1537037,-2.1637037,-0.7637036,0.6762964,1.9762964,3.1962965,4.2662964,5.0762963,5.8762965,6.3162966,7.006296,7.3062963,6.9162965,7.1862965,7.8262963
-0.5137036,-0.113703616,-0.34370363,0.13629639,-0.18370362,-0.21370362,-0.47370362,1.0462964,3.5962963,5.8562965,6.4762964,7.3762965,7.6562963,-10.653704,-10.033704,-6.303704,-9.293704,-8.433703,-6.6037035,-6.5837035,-4.553704,-3.4637036,-2.7337036,-3.7437036,-8.543704,-8.243704,-6.4737034,-4.6437035,-3.5437036,-4.4437037,-8.323704,-9.243704,-8.973703,-8.733704,-8.453704,-8.173703,-7.7537036,-7.5837035,-7.263704,-6.5837035,-5.9237037,-5.2337036,-4.4437037,-3.4137037,-2.1837037,-0.83370364,0.4862964,1.6862963,2.5662963,3.2662964,4.0362964,4.6062965,5.3162966,6.006296,6.1862965,7.7062964,7.5262966
0.8862964,-1.0437036,-0.9337036,0.97629637,1.1362964,0.7762964,0.9962964,-0.28370363,0.016296387,3.9662964,6.6462965,8.666296,10.786297,8.696297,4.0862966,-3.8237035,-4.263704,-5.3537035,-5.4437037,-5.6837034,-6.1937037,-3.7937036,-3.0737035,-3.3837037,-3.9337037,-3.7637036,-3.7437036,-2.9537036,-2.1337037,-3.0637035,-3.3237035,-5.1937037,-8.303703,-8.983704,-8.753704,-7.8937035,-7.303704,-7.073704,-7.1437035,-6.8137035,-6.1937037,-5.3537035,-4.5937037,-3.6237037,-2.5237036,-1.3937036,-0.38370362,0.4762964,1.2062964,2.3262963,3.1162963,3.9162965,4.5962963,5.8462963,7.4962964,6.5862966,5.1462965
1.2762964,0.15629639,-0.31370363,1.1262964,0.9862964,1.8162963,0.42629638,-0.13370362,0.096296385,2.4262965,6.216296,8.346296,9.516296,10.336296,7.8862963,0.8062964,-2.3437035,-3.7237036,-3.7837036,-4.0437036,-3.8437035,-4.2737036,-3.2237036,-2.6537037,-2.7137036,-2.3237035,-1.7137036,-1.4937036,-1.2337036,-2.1137037,-2.5437036,-3.4237037,-4.1237035,-5.9037037,-7.9137034,-7.6537037,-6.803704,-5.8737035,-5.4437037,-4.993704,-4.6237035,-4.243704,-3.7937036,-3.4137037,-2.7537036,-1.8937036,-0.8837036,0.24629639,1.1962963,1.6562964,2.2062964,3.1562965,5.6162963,6.1462965,4.986296,4.2762966,3.8662963
-0.013703614,0.43629637,1.2362964,0.6762964,0.6562964,1.5362964,3.3962965,2.4462965,2.8562963,4.2662964,4.9162965,6.426296,7.8062963,9.296296,4.966296,0.7762964,-0.58370364,-2.3737037,-2.8437035,-2.9337037,-2.7937036,-3.7037036,-4.263704,-2.9637036,-2.2737036,-2.0137036,-1.5537037,-1.3037037,-1.3737036,-2.1137037,-2.3537035,-3.8037035,-5.1037035,-5.9237037,-6.783704,-6.9037037,-6.8937035,-6.263704,-5.3137035,-4.0237036,-3.4237037,-3.1937037,-2.9637036,-2.5337036,-2.1237037,-1.7537036,-1.1337036,-0.7437036,-0.09370361,0.4162964,2.7662964,5.3662963,3.6662965,3.2462964,2.8462963,2.1562965,1.8962964
-1.6137036,0.3862964,0.36629638,0.4162964,0.8762964,0.8362964,1.0662963,-1.3137037,4.8062963,2.4362965,3.1262963,5.2662964,7.5362964,9.086296,3.2162964,1.4862964,0.18629639,-1.2937036,-2.1437037,-2.3237035,-2.6637037,-2.8837037,-3.5437036,-3.1037035,-2.4937036,-2.2337036,-2.4637036,-2.4037037,-2.6137037,-2.8937037,-3.1437037,-2.6637037,-3.6737037,-4.573704,-5.0937037,-5.3137035,-4.9037037,-4.1537037,-4.1337037,-4.0637035,-3.5737035,-3.0337036,-2.9937036,-2.9337037,-2.6937037,-2.6037035,-2.4237037,-2.0937035,0.6462964,2.6262963,3.2062964,2.4462965,1.6262964,0.9962964,0.54629636,0.3162964,-0.21370362
-0.8837036,-0.9937036,-0.4637036,-0.4837036,-0.96370363,-3.2937036,-4.6837034,1.0962964,-3.6837037,-0.95370364,-0.083703615,7.9062963,7.8962965,3.9962964,2.0462964,1.3862964,0.006296387,-0.7237036,-1.5637037,-2.2737036,-2.8137035,-2.7937036,-2.7937036,-2.5037036,-1.7837036,-1.8237036,-1.8937036,-2.0637035,-2.3637037,-2.7137036,-3.3237035,-3.5837035,-3.7137036,-3.8837037,-4.0937037,-4.4537034,-4.2737036,-4.823704,-5.0437036,-4.8137035,-4.4437037,-4.1437035,-3.9937036,-4.0237036,-3.9737036,-2.9637036,-0.9837036,0.13629639,0.59629637,2.3562963,0.3462964,-0.31370363,-0.9337036,-1.4637036,-1.5837036,-2.3137035,-3.0137036
-2.8937037,-1.2237036,-1.2737036,-6.4037037,-5.7337036,-3.1837037,-2.6437037,1.4062964,5.3362966,4.8162966,5.696296,5.5262966,4.3362966,3.3062963,1.9662964,0.2562964,-0.21370362,-0.8037036,-1.4737036,-2.1137037,-2.3637037,-2.9237037,-2.9837036,-2.7737036,-2.4937036,-2.5137036,-2.6237037,-2.7137036,-3.3937037,-3.6237037,-4.1437035,-4.323704,-4.513704,-4.4537034,-4.9037037,-5.6237035,-6.0637035,-5.6437035,-5.263704,-4.7937036,-3.9537036,-3.3637037,-3.0837035,-2.4137037,-1.3937036,-0.6337036,-1.5637037,-0.4937036,0.14629638,-0.71370363,-1.7237036,-2.4437037,-2.9237037,-3.1437037,-3.6037035,-4.4537034,-4.9137034
-5.3637037,-7.3837037,-6.8537035,-6.0437036,-4.4337034,-1.9337037,1.5562963,7.696296,7.216296,4.7862964,3.1462965,3.2862964,2.6362963,1.5962964,0.7762964,-1.0437036,-1.4937036,-1.8337036,-2.2437036,-2.5837035,-3.3037035,-3.6637037,-3.5037036,-3.5137036,-3.4037037,-3.0537035,-3.1037035,-3.9337037,-4.7137036,-5.0437036,-5.3437037,-5.6037035,-5.9037037,-6.1637034,-6.3137035,-6.1837034,-5.493704,-4.8537035,-4.553704,-4.3337035,-4.053704,-3.1637037,-2.5137036,-2.0937035,-2.5537035,-2.0637035,-2.4037037,-2.3837037,-2.5337036,-3.2437036,-3.4037037,-3.7837036,-4.243704,-4.5237036,-5.2337036,-5.7737036,-6.3137035
-0.7637036,-0.65370363,-0.34370363,0.3162964,1.4962964,3.2962964,4.5662966,5.506296,3.3162963,2.5862963,1.7962964,1.5462964,0.8062964,-0.6737036,-1.1937037,-2.5737035,-2.9737036,-3.4537036,-3.8237035,-3.8237035,-3.8237035,-4.533704,-4.743704,-4.3737035,-4.5437036,-5.5837035,-5.8637037,-5.9037037,-5.6337037,-5.5237036,-6.3137035,-7.013704,-6.6537037,-5.6137037,-4.7537036,-4.8537035,-4.9737034,-5.0237036,-5.4237037,-4.4637036,-4.3837037,-4.303704,-4.1137037,-4.3137035,-3.8437035,-3.9837036,-4.263704,-3.9937036,-4.263704,-4.783704,-4.9637036,-4.9737034,-5.1837034,-5.7737036,-6.4137034,-6.7937036,-7.2937036
-0.8137036,-1.0237036,-0.90370363,-0.23370361,1.6562964,2.2262964,1.7562964,2.9862964,1.5962964,0.85629636,0.5062964,-0.023703612,-0.7837036,-1.9937036,-2.4437037,-3.4937036,-5.1937037,-5.0937037,-5.073704,-5.553704,-5.743704,-6.0837035,-6.3737035,-6.0237036,-5.743704,-5.9737034,-6.493704,-6.3337035,-6.2537036,-6.1237035,-5.243704,-5.9737034,-6.0437036,-5.7937036,-5.4737034,-5.7737036,-5.9537034,-5.8737035,-5.8937035,-6.0837035,-5.4137034,-5.5437036,-4.9837036,-5.6637034,-5.4637036,-5.553704,-5.3737035,-5.1937037,-4.8337035,-6.3537035,-5.7737036,-5.5937037,-5.8437037,-6.4537034,-7.0837035,-7.5037036,-7.7237034
-0.6937036,-1.1437036,-0.23370361,-0.013703614,-0.8437036,-1.0737036,-0.06370361,0.5862964,0.5262964,-0.5337036,-0.7237036,-1.0037036,-1.5637037,-2.9037037,-3.8137035,-3.5137036,-4.1437035,-5.4237037,-6.1537037,-6.6137037,-6.8837037,-6.6237035,-5.763704,-5.2537036,-5.7137036,-6.5937037,-6.6437035,-6.2137036,-6.1537037,-6.4037037,-6.4137034,-6.2037034,-6.6137037,-6.8637037,-6.4237037,-5.9437037,-6.7737036,-6.7537036,-6.4137034,-6.2537036,-6.7137036,-5.8737035,-6.4437037,-6.3737035,-6.3137035,-6.5037036,-6.5837035,-6.4137034,-6.4837036,-6.9337034,-6.323704,-6.5237036,-6.6237035,-6.9537034,-7.4637036,-7.7537036,-8.133703
-0.77370363,-0.7337036,-0.3937036,-1.1837037,-2.1837037,-2.2037036,-1.9737036,0.066296384,-0.3937036,-1.5237036,-1.6637036,-1.8437036,-2.2937036,-3.9037037,-4.5037036,-5.0937037,-5.0637035,-5.533704,-6.0037036,-6.3837037,-6.553704,-6.283704,-5.9437037,-5.8737035,-6.053704,-6.5237036,-6.8337035,-6.993704,-6.9137034,-6.6737037,-6.6237035,-7.4337034,-6.8437037,-6.5937037,-6.993704,-7.513704,-7.8637037,-7.533704,-7.283704,-6.9237037,-7.013704,-7.053704,-6.9237037,-6.6437035,-7.0237036,-7.1537037,-6.9637036,-7.053704,-7.4137034,-6.9437037,-7.1037035,-7.3337035,-7.263704,-7.6437035,-7.9137034,-8.153704,-8.3537035
-1.1037036,-0.7337036,-0.3337036,-1.5537037,-2.6537037,-2.4537036,-2.3637037,0.11629639,0.14629638,-1.2137036,-2.0437036,-2.1637037,-3.4137037,-4.6437035,-5.3337035,-5.7937036,-6.1637034,-6.2537036,-6.6737037,-6.6337037,-6.6737037,-6.3637037,-6.4137034,-7.1437035,-7.8637037,-7.3837037,-7.013704,-7.1337037,-7.3437037,-7.6137037,-7.9337034,-6.993704,-6.3137035,-7.5437036,-7.9137034,-7.2937036,-7.4837036,-7.9837036,-8.093703,-7.9437037,-7.6137037,-7.6637034,-6.9737034,-6.7737036,-7.053704,-7.243704,-7.5637035,-7.4837036,-7.5037036,-7.3937035,-7.8337035,-8.013703,-7.8937035,-7.9237037,-8.163704,-8.703704,-8.6037035
-1.4337037,-1.1537036,-1.1637036,-1.9237037,-2.2637036,-3.9037037,-2.7237036,-1.0137036,0.23629639,-2.4237037,-2.9337037,-2.9937036,-4.5037036,-5.803704,-5.9437037,-6.1637034,-6.7237034,-6.8137035,-6.6137037,-6.8537035,-7.0637035,-7.2937036,-7.3137035,-7.303704,-7.3837037,-7.2037034,-7.6437035,-8.043704,-8.313704,-8.313704,-7.8637037,-6.7737036,-6.5237036,-6.823704,-7.5837035,-7.513704,-7.8937035,-8.483704,-8.563704,-8.253704,-8.233704,-7.7737036,-7.493704,-7.1837034,-6.9737034,-7.533704,-7.783704,-8.273704,-8.133703,-8.143703,-8.193704,-8.433703,-8.333704,-8.273704,-8.193704,-8.213703,-8.213703
