demo/minemap/wind/data/WIND_2019031000_006.json
{"header": { "discipline":0, "disciplineName":"Meteorological products", "gribEdition":2, "gribLength":74161, "center":7, "centerName":"US National Weather Service - NCEP(WMC)", "subcenter":0, "refTime":"2019-03-06T00:00:00.000Z", "significanceOfRT":1, "significanceOfRTName":"Start of forecast", "productStatus":0, "productStatusName":"Operational products", "productType":1, "productTypeName":"Forecast products", "productDefinitionTemplate":0, "productDefinitionTemplateName":"Analysis/forecast at horizontal level/layer at a point in time", "parameterCategory":2, "parameterCategoryName":"Momentum", "parameterNumber":3, "parameterNumberName":"V-component_of_wind", "parameterUnit":"m.s-1", "genProcessType":2, "genProcessTypeName":"Forecast", "forecastTime":0, "surface1Type":103, "surface1TypeName":"Specified height level above ground", "surface1Value":10.0, "surface2Type":255, "surface2TypeName":"Missing", "surface2Value":0.0, "gridDefinitionTemplate":0, "gridDefinitionTemplateName":"Latitude_Longitude", "numberPoints":65160, "shape":6, "shapeName":"Earth spherical with radius of 6,371,229.0 m", "gridUnits":"degrees", "resolution":48, "winds":"true", "scanMode":0, "nx":360, "ny":181, "basicAngle":0, "lo1":0.0, "la1":90.0, "lo2":359.0, "la2":-90.0, "dx":1.0, "dy":1.0 }, "data":
[rows 125 to 149 of 181, columns 58 to 115 of 360]
-3.8891504,-3.1791503,-2.7491503,-2.5091505,-2.9191504,-2.8391504,-2.7291503,-2.4191504,-1.8591504,-1.5991504,-0.9191504,-0.5491504,-0.6191504,-0.6691504,-0.07915039,0.5108496,1.0008496,1.3108497,1.7408496,2.0808496,2.5708497,3.0508497,3.5208497,4.0208497,4.71085,5.6408496,6.8108497,6.5608497,4.63085,4.8708496,6.1608496,5.8908496,5.17085,3.9308496,3.0708497,2.9008496,1.4008496,2.9808495,2.8208497,2.5908496,2.6008496,2.5308497,2.2008495,1.4608496,0.8608496,0.5808496,0.6408496,1.0808496,0.97084963,0.7708496,0.4308496,-0.77915037,-1.9791504,-1.4691504,-1.9591504,-2.2391503,-2.5791504,-2.8391504
-5.1591506,-4.1291504,-3.4591503,-3.3391504,-3.2991505,-3.3291504,-2.7591505,-2.3191504,-2.1691504,-1.6891503,-1.6091504,-1.5891504,-1.1691504,-0.8091504,-0.2591504,0.12084961,0.6308496,1.4808496,1.6608496,1.7208496,1.7308496,2.2008495,2.7208495,3.1808496,3.3808496,4.0808496,4.9508495,5.65085,6.3008494,6.9108496,6.0108495,5.0008497,5.2508497,5.15085,4.4708495,4.3608494,2.4008496,3.1208496,2.2108495,2.0308497,1.8308496,1.6208496,1.2208496,0.8908496,0.27084962,-0.5491504,-0.9391504,-0.8591504,-0.52915037,-0.3691504,-0.44915038,-1.4891504,-2.2191503,-2.4191504,-2.6991503,-3.0591505,-3.4791503,-4.05915
-1.2491504,-4.32915,-4.4391503,-3.8891504,-3.5991504,-3.3091505,-3.3291504,-2.8091505,-2.2591505,-2.2191503,-1.9891504,-1.8791504,-1.2791504,-0.6691504,-0.5591504,-0.3491504,0.8608496,2.1408496,2.8208497,3.1808496,4.15085,4.6608496,5.15085,5.5108495,6.17085,6.7908497,7.3008494,7.38085,7.4508495,7.3008494,7.0408497,6.9808497,5.9708495,4.5408497,4.6208496,3.7308495,2.7608497,3.0308497,2.5508497,2.2908497,1.5708497,0.7508496,0.5708496,-0.10915039,-1.0191504,-1.7191504,-2.5391505,-2.4391503,-2.3091505,-2.1591504,-2.2791505,-2.5591505,-3.2191503,-3.6291504,-3.7891505,-3.8891504,-3.9591503,-3.9691503
4.0808496,2.4808495,-4.4691505,-5.5891504,-5.11915,-4.7591505,-3.5891504,-2.3091505,-1.3891504,-1.0191504,-1.9591504,-1.9391503,-1.6391504,-1.0591503,-0.44915038,0.04084961,0.7008496,1.5608497,2.0608497,2.3608496,3.1708496,3.8808496,4.3908496,5.2408495,5.69085,6.1008496,6.67085,7.3208494,8.01085,8.600849,8.95085,9.190849,9.20085,9.25085,8.13085,4.8408494,1.2908496,0.84084964,1.1008496,1.8008496,1.5008496,0.6208496,-0.2491504,-0.90915036,-1.8191504,-2.5591505,-3.3491504,-3.7091503,-3.1591504,-2.8691504,-3.3391504,-3.8891504,-4.3891506,-4.8891506,-5.0191503,-4.7991505,-4.6491504,-4.7191505
3.3808496,4.17085,3.7708497,-1.0591503,-5.2991505,-4.5691504,-4.9091506,-3.6991503,-2.2891505,-1.6791503,-1.3591504,-2.1091504,-2.3591504,-1.7791504,-1.6591504,-1.4391503,-0.7291504,-0.3091504,0.3108496,1.2208496,2.1608496,2.9408495,3.6108496,4.3608494,5.1108494,5.7608495,6.3408494,6.9308496,7.5908494,8.190849,8.66085,8.91085,9.270849,9.480849,9.440849,9.560849,9.650849,6.19085,0.3408496,-1.2991503,-1.2791504,-0.8291504,-0.6891504,-1.2091504,-1.9891504,-3.2391503,-4.1991506,-4.53915,-4.32915,-3.9991503,-4.2491503,-4.9091506,-5.2491503,-5.36915,-5.57915,-5.7691503,-5.7591505,-5.2491503
3.1208496,1.0308496,1.2808496,1.8908496,1.3708496,-1.2491504,-3.5291505,-3.3791504,-2.9891503,-2.6791503,-2.5591505,-2.5691504,-2.8291504,-3.4091504,-2.9891503,-2.1891503,-1.2591504,-0.3491504,0.02084961,0.3808496,0.9608496,2.1108496,3.2308495,3.9508495,4.7008495,5.2808495,5.8408494,6.46085,7.1108494,7.90085,8.58085,9.09085,9.400849,9.480849,9.33085,9.34085,9.45085,9.21085,9.110849,7.92085,-0.07915039,-3.5991504,-3.6791503,-3.1791503,-2.5891504,-3.4291503,-4.4791503,-5.4291506,-5.55915,-4.9391503,-4.5491505,-4.6991506,-5.36915,-5.7991505,-5.8991504,-5.9591503,-5.9591503,-5.82915
1.6508496,1.1508496,1.9008496,-1.0291504,-0.4591504,-0.9591504,-1.8991504,-2.2191503,-2.5791504,-3.7391503,-4.4591503,-4.2591505,-3.9091504,-3.6691504,-3.3491504,-2.3191504,-1.6891503,-1.3391504,-0.9191504,-0.5091504,0.5708496,1.4908496,2.7208495,3.7108495,4.5108495,5.2608495,5.9708495,6.90085,7.7208495,7.8008494,8.04085,8.43085,9.01085,9.37085,9.51085,9.360849,8.95085,8.34085,8.38085,8.17085,7.7308497,6.9708495,-2.2091503,-5.5491505,-5.8191504,-5.4291506,-5.2191505,-5.9391503,-6.0891504,-5.7091503,-5.1391506,-4.9891505,-5.2091503,-5.4091506,-5.6891503,-5.9691505,-5.82915,-5.61915
-1.0891504,-0.11915039,-0.4291504,-0.12915039,-0.4891504,-1.9491504,-2.2891505,-2.6091504,-2.6891503,-4.1791506,-4.7191505,-4.7291503,-4.4591503,-4.07915,-3.6491504,-3.2791505,-2.4991503,-1.8891504,-1.9891504,-1.4491504,-0.3991504,0.7108496,2.3908496,3.8108497,5.0708494,5.9308496,6.4308496,6.5208497,6.8508496,7.3008494,7.65085,8.400849,9.190849,9.84085,10.060849,9.940849,9.520849,8.730849,7.7008495,6.92085,6.6808496,6.1008496,5.42085,3.8308496,-5.1891503,-7.2791505,-7.4091506,-6.7591505,-7.2191505,-6.6991506,-5.8391504,-5.3991504,-5.3791504,-5.4691505,-5.4691505,-5.2391505,-5.2391505,-5.4291506
0.7008496,-1.1091504,-1.7491504,-2.3891504,-2.2291503,-1.6991504,-2.3691504,-3.6391504,-4.7491503,-4.84915,-5.0491505,-5.1391506,-5.11915,-4.7391505,-4.0891504,-3.1091504,-2.8791504,-2.9591503,-2.8291504,-2.5991504,-1.8291504,0.39084962,2.1108496,3.6008496,4.7008495,5.6008496,6.0408497,6.6808496,7.3708496,7.63085,8.13085,9.01085,9.80085,10.37085,10.690849,10.400849,9.940849,9.25085,8.42085,7.2808495,5.8508496,4.88085,4.40085,3.9208496,4.0908494,-2.5491505,-7.8991504,-9.53915,-8.57915,-7.8791504,-7.1391506,-6.5291505,-5.7691503,-5.32915,-5.4491506,-5.3991504,-5.11915,-4.86915
8.58085,6.88085,0.5508496,-2.5191505,-5.1391506,-3.7991505,-3.0291505,-3.6391504,-4.6291504,-4.4491506,-4.57915,-5.2791505,-5.1991506,-4.1091504,-4.1391506,-3.4691503,-3.5891504,-3.8991504,-3.8491504,-3.5491505,-2.9891503,-0.5191504,1.5008496,2.7708497,3.9908495,5.15085,6.2008495,7.0908494,7.5608497,7.8708496,8.64085,9.310849,10.00085,10.520849,11.030849,11.20085,10.810849,9.62085,8.55085,7.2008495,5.96085,4.65085,3.5608497,3.2208495,3.2608497,3.1108496,0.4408496,-8.179151,-9.469151,-9.849151,-8.98915,-7.6291504,-6.7791505,-6.3891506,-5.7391505,-5.3191504,-5.07915,-4.82915
7.17085,7.3108497,7.1808496,2.5608497,-2.3391504,-5.7791505,-5.2191505,-4.2291503,-4.3191504,-5.82915,-6.0191503,-6.4891505,-6.7591505,-5.4091506,-3.8391504,-4.2491503,-4.61915,-4.6391506,-4.1891503,-3.9491503,-3.8491504,-1.6891503,0.9408496,2.1608496,3.5008497,4.3108497,5.5308495,6.3708496,6.9908495,7.65085,8.39085,9.320849,10.310849,11.560849,12.71085,12.7408495,11.400849,10.34085,9.80085,8.55085,6.0908494,4.5208497,3.5008497,2.9208496,2.3508496,2.6808496,2.1208496,2.0608497,-5.7591505,-9.48915,-9.19915,-9.059151,-8.78915,-8.20915,-7.34915,-6.7191505,-6.4091506,-5.8591504
6.1408496,6.65085,7.0608497,6.5308495,3.0708497,-4.1291504,-7.3591504,-7.30915,-5.84915,-7.09915,-6.9091506,-6.3991504,-6.3791504,-5.9491506,-5.1391506,-3.9491503,-5.1591506,-5.3191504,-5.9791503,-4.78915,-3.4891503,-1.8391504,0.4308496,1.9508497,3.0208497,3.9608495,4.4508495,5.4308496,6.21085,6.8608494,8.060849,9.12085,9.80085,11.20085,12.41085,13.08085,13.520849,13.66085,12.310849,9.97085,7.5308495,4.8108497,2.6008496,1.9708496,1.0508496,0.11084961,1.5708497,1.5008496,1.3008496,-0.83915037,-5.9991503,-7.2691503,-6.6491504,-6.3191504,-6.1291504,-6.0291505,-5.6091504,-5.3991504
5.2708497,5.4308496,4.0208497,4.6608496,3.6408496,0.3408496,-7.1791506,-9.32915,-9.15915,-8.99915,-8.189151,-7.6291504,-7.0491505,-6.5891504,-6.82915,-5.8891506,-4.55915,-3.7691505,-4.8991504,-4.5091505,-2.5391505,-1.2591504,-0.6491504,1.0808496,2.2508497,3.1908495,3.6608496,4.2408495,4.8308496,5.6808496,7.0008497,8.29085,9.480849,11.16085,12.690849,13.66085,14.71085,15.34085,15.25085,14.070849,12.12085,9.030849,4.1008496,0.6508496,-0.23915039,-2.0891504,-2.6191504,-0.6891504,-0.3191504,-1.1791503,-2.5591505,-3.8891504,-4.7091503,-5.0191503,-5.53915,-5.4591503,-4.8991504,-4.6791506
1.4808496,2.8708496,3.7808497,4.4708495,4.3308496,1.7208496,-3.6291504,-10.099151,-11.83915,-11.809151,-10.12915,-8.689151,-7.84915,-7.6591506,-7.2591505,-6.7791505,-4.8591504,-4.1991506,-4.3591504,-4.80915,-3.6691504,-2.1691504,-0.7391504,0.4308496,0.9508496,1.2908496,2.0508497,2.8808496,3.6908495,4.8408494,6.1208496,7.5608497,9.09085,10.59085,12.020849,12.96085,13.62085,14.46085,15.530849,15.850849,14.83085,13.230849,10.45085,4.38085,-0.1691504,-0.8891504,-1.6191504,-3.4091504,-4.3191504,-1.5991504,-1.3191504,-2.0991504,-2.1891503,-2.3691504,-2.3691504,-2.4391503,-3.1791503,-3.9091504
0.18084961,1.1808496,1.2808496,3.3408496,3.8008497,2.3808496,-1.4891504,-8.479151,-13.0091505,-13.24915,-11.519151,-8.41915,-7.6491504,-8.33915,-8.40915,-8.519151,-7.3991504,-6.3991504,-5.5691504,-4.8891506,-3.8291504,-2.9091504,-1.6991504,-0.26915038,0.5708496,0.91084963,1.0608497,1.7808496,2.6108496,3.4708495,5.0908494,6.4908495,7.7808495,9.060849,10.21085,11.530849,12.71085,13.83085,14.360849,14.79085,15.310849,16.000849,15.4908495,14.01085,11.4908495,6.9808497,1.3808496,-1.0891504,-1.4391503,-1.5691504,-2.4891503,-2.7791505,-2.3091505,-2.4091504,-2.5691504,-2.2791505,-2.3391504,-2.5691504
-0.2191504,0.5508496,1.4708496,2.2208495,3.2708497,2.0708497,-1.4991504,-6.5091505,-12.77915,-14.929151,-14.52915,-11.769151,-9.31915,-10.059151,-9.139151,-9.149151,-8.49915,-7.55915,-6.53915,-5.9491506,-5.2191505,-4.1291504,-2.4991503,-0.7691504,-0.11915039,0.13084961,0.2608496,0.5708496,1.5908496,2.6208496,3.6308496,4.6008496,5.8508496,7.2808495,8.79085,9.89085,10.860849,11.88085,12.83085,13.770849,14.600849,15.26085,15.18085,14.21085,12.76085,12.89085,12.230849,9.93085,7.0508494,3.9108496,1.5708497,0.20084961,-1.0791504,-2.0391505,-2.5691504,-2.6791503,-2.6191504,-2.6791503
-0.11915039,0.6908496,1.2608496,1.7308496,2.5508497,1.6008496,-1.5591503,-6.8991504,-12.519151,-15.48915,-15.469151,-13.20915,-10.719151,-10.519151,-10.53915,-10.37915,-9.479151,-8.429151,-7.5091505,-6.5091505,-5.3791504,-4.6791506,-3.6991503,-2.2291503,-0.9191504,-0.83915037,-1.0991504,-0.7891504,-0.5091504,0.9308496,1.5008496,3.1208496,4.9508495,6.8408494,7.9808497,8.64085,9.46085,10.05085,10.900849,11.7408495,12.600849,13.21085,13.810849,13.900849,13.43085,12.64085,11.92085,11.05085,11.09085,12.13085,11.850849,9.25085,4.5708494,0.4708496,-0.8791504,-1.7491504,-2.3891504,-2.5591505
0.4408496,0.53084964,0.9608496,1.4008496,2.1808496,0.7708496,-2.6291504,-7.5191503,-13.23915,-16.329151,-16.62915,-14.90915,-12.309151,-11.74915,-11.36915,-11.73915,-10.90915,-10.03915,-9.179151,-8.08915,-6.7591505,-5.82915,-4.7591505,-4.0691504,-2.2291503,-1.9991504,-2.1191504,-2.4691503,-2.2291503,-0.9291504,0.4908496,2.6608496,4.0808496,5.8208494,7.5408497,8.76085,9.070849,8.690849,7.88085,9.62085,11.01085,11.610849,11.80085,11.770849,11.730849,12.01085,11.38085,10.70085,10.4908495,11.26085,11.46085,11.05085,10.72085,10.14085,6.8708496,2.1908495,-0.35915038,-0.9391504
1.1308496,1.0508496,1.3908496,1.7508496,2.3108497,1.0308496,-3.4991503,-8.399151,-14.45915,-17.09915,-17.28915,-16.27915,-14.5091505,-13.349151,-12.389151,-11.57915,-11.54915,-10.899151,-9.94915,-8.66915,-7.6891503,-6.7791505,-6.1691504,-5.1991506,-3.3891504,-3.0591505,-3.3391504,-3.9591503,-4.0691504,-2.3391504,-0.38915038,1.4708496,3.4308496,5.0208497,6.7008495,7.8108497,8.150849,8.54085,8.310849,10.230849,10.900849,11.060849,10.690849,9.45085,10.25085,10.230849,10.110849,10.12085,9.980849,10.110849,10.00085,10.480849,10.100849,9.400849,7.63085,5.8608494,4.2808495,2.8708496
1.4708496,1.2208496,1.6308496,2.5308497,2.6008496,1.4808496,-3.4691503,-10.04915,-15.44915,-17.78915,-17.77915,-16.67915,-15.35915,-14.31915,-13.519151,-12.94915,-11.86915,-11.719151,-10.65915,-9.44915,-8.639151,-7.2791505,-6.0091505,-6.61915,-5.4491506,-4.6691504,-4.4291506,-4.9991503,-4.7691503,-3.3091505,-1.3991504,0.5408496,2.1708496,3.6008496,5.40085,6.7908497,8.230849,9.060849,8.80085,10.39085,10.93085,11.280849,10.850849,9.570849,9.17085,9.060849,9.17085,9.01085,8.650849,8.2408495,7.8108497,7.9908495,7.7708497,6.9708495,6.4708495,5.38085,4.0008497,2.7408495
1.6408496,2.2908497,3.8308496,4.8108497,4.5908494,1.8508496,-4.4291506,-11.5091505,-16.13915,-17.59915,-17.499151,-16.739151,-15.439151,-14.309151,-13.53915,-12.899151,-12.32915,-11.7591505,-11.269151,-10.40915,-9.49915,-8.77915,-8.099151,-7.55915,-6.7191505,-6.28915,-6.0291505,-6.11915,-5.2491503,-4.03915,-2.0791504,0.15084961,1.9208496,3.0208497,4.1208496,5.63085,7.13085,8.41085,9.400849,10.18085,10.770849,10.780849,10.560849,9.92085,9.84085,9.30085,8.71085,8.67085,8.060849,7.5808496,6.7808495,5.5308495,4.9808497,5.4808497,4.5208497,2.9008496,2.6408496,1.7808496
2.0808496,3.3708496,4.69085,5.5708494,6.3408494,3.2108495,-6.36915,-12.87915,-16.38915,-17.17915,-17.079151,-16.08915,-14.649151,-13.809151,-12.849151,-12.099151,-11.889151,-11.66915,-11.29915,-10.78915,-10.219151,-9.479151,-9.0091505,-8.49915,-7.5191503,-7.05915,-6.9891505,-6.8191504,-6.0191503,-4.86915,-3.1891503,-1.2991503,0.39084962,1.6708496,2.6508496,3.5308497,4.8508496,6.7308497,8.230849,9.320849,10.070849,10.16085,10.33085,9.91085,9.26085,9.070849,8.9908495,8.91085,8.92085,8.51085,7.5608497,5.8408494,4.1408496,2.7508497,2.8908496,4.8008494,1.8708496,-1.0591503
1.8108497,2.9908495,5.0608497,6.5208497,7.8308496,4.8208494,-7.78915,-13.219151,-15.7591505,-16.67915,-15.83915,-14.979151,-13.769151,-12.33915,-11.639151,-11.019151,-10.40915,-10.059151,-9.7591505,-9.54915,-9.52915,-9.48915,-9.2591505,-8.87915,-8.2591505,-7.4691505,-7.11915,-6.9091506,-6.5191503,-5.61915,-4.1491504,-2.4791503,-1.0291504,0.2508496,1.3208497,2.3208497,3.5508497,5.3508496,7.0208497,8.59085,9.110849,8.84085,8.79085,9.690849,9.42085,8.96085,8.280849,8.66085,8.75085,8.610849,8.09085,7.3008494,5.7508497,3.4308496,1.4808496,0.9308496,1.8508496,2.4108496
1.7708496,3.4608495,5.0708494,6.5608497,8.190849,7.13085,-6.86915,-11.91915,-14.11915,-15.54915,-15.20915,-13.889151,-13.0091505,-11.899151,-10.769151,-9.98915,-9.70915,-9.33915,-9.08915,-8.889151,-8.36915,-8.10915,-8.15915,-8.08915,-7.9891505,-7.9591503,-7.4591503,-6.82915,-6.2691503,-5.7991505,-4.7591505,-3.3891504,-2.1391504,-0.96915036,0.11084961,1.2708496,2.6108496,4.5308495,6.46085,8.14085,7.1408496,9.17085,9.39085,8.75085,9.190849,9.01085,8.88085,9.060849,9.33085,9.37085,8.75085,7.3308496,5.2208495,3.5308497,1.6808496,-0.5491504,-0.7691504,-0.2191504
3.2608497,3.8808496,4.63085,5.8508496,7.19085,9.25085,-0.1391504,-10.56915,-12.36915,-14.31915,-15.149151,-14.11915,-12.70915,-11.48915,-10.57915,-9.939151,-9.599151,-9.219151,-8.73915,-8.479151,-8.20915,-7.8791504,-7.4691505,-7.1091504,-6.9291506,-6.6691504,-6.3891506,-5.6491504,-6.3991504,-5.84915,-5.09915,-4.07915,-2.9191504,-1.7891504,-0.6991504,0.4408496,1.9408497,3.9808495,6.2208495,7.7608495,8.730849,9.21085,9.2408495,9.020849,8.84085,8.75085,8.820849,9.17085,9.570849,10.100849,10.20085,9.20085,4.9108496,2.2808497,1.7008497,-0.8591504,-2.1691504,-1.1591504
