demo/minemap/wind/data/wind_data_20171127.json
{"header": {"parameterCategory": 2, "nx": 190, "ref_time": "2017-11-27 13:24:20", "lo2": 109.709472, "ny": 194, "parameterUnit": "m.s-1", "lo1": 107.62207, "parameterNumber": 3, "dx": 0.010986328358208964, "dy": 0.009084256410256397, "parameterNumberName": "northdeward_wind", "la1": 34.75064, "la2": 32.988294}, "data":
[rows 42 to 83 of 194, columns 94 to 187 of 190]
-1.8000001,-1.6,-1.2,0.0,0.0,-0.1,-0.1,-0.1,-0.1,-0.1,-0.1,0.0,0.0,0.6,0.8,0.8,0.8,0.8,0.8,0.8,0.8,0.8,0.8,0.8,1.0,0.90000004,1.0,1.0,1.0,1.0,1.1,1.1,1.1,1.0,0.3,0.3,0.3,0.3,0.3,0.3,0.4,0.6,0.8,0.8,0.90000004,0.90000004,0.90000004,0.90000004,0.90000004,0.90000004,0.90000004,0.90000004,0.90000004,0.90000004,1.0,1.3000001,1.4,1.4,1.4,1.4,1.4,1.4,1.3000001,1.4,1.4,1.4,1.4,1.4,1.4,1.3000001,1.1,0.4,-0.1,-0.4,-0.4,0.3,1.1,1.4,1.5,1.6,1.7,1.7,1.7,1.6,1.6,1.5,1.2,0.3,-0.1,-0.3,-0.3,-0.4,-0.3,-0.3
-0.90000004,-0.4,-0.2,0.0,0.0,-0.1,-0.1,-0.1,-0.1,-0.1,-0.1,-0.1,-0.1,0.0,0.7,0.7,0.8,0.8,0.8,0.8,0.8,0.7,0.7,0.6,0.6,0.8,0.90000004,1.0,1.0,1.0,1.0,1.0,1.0,0.8,0.3,0.3,0.3,0.3,0.3,0.4,0.4,0.4,0.7,0.8,0.90000004,0.90000004,0.90000004,0.90000004,0.90000004,0.90000004,0.90000004,0.90000004,0.90000004,0.90000004,1.2,1.3000001,1.4,1.3000001,1.3000001,1.3000001,1.3000001,1.2,0.90000004,0.6,0.90000004,1.3000001,1.4,1.4,1.3000001,0.8,-0.2,-0.6,-0.6,-0.7,-0.6,-0.3,0.5,1.2,1.5,1.8000001,1.7,1.7,1.7,1.6,1.5,1.3000001,0.5,-0.1,-0.3,-0.4,-0.4,-0.4,-0.4,-0.4
-0.1,0.0,0.0,0.0,0.0,-0.1,-0.1,-0.1,-0.1,-0.1,-0.1,-0.1,-0.1,0.0,0.5,0.7,0.7,0.7,0.7,0.7,0.7,0.7,0.5,0.3,0.2,0.3,0.5,0.8,0.90000004,1.0,1.0,1.0,0.90000004,0.7,0.4,0.3,0.4,0.4,0.4,0.5,0.5,0.5,0.6,0.7,0.8,0.8,0.90000004,0.90000004,0.90000004,0.90000004,0.90000004,0.90000004,0.90000004,0.90000004,2.3,2.2,2.1000001,2.0,1.1,1.0,0.8,0.5,0.5,0.4,0.4,0.5,0.8,1.2,0.0,-0.6,-0.7,-0.7,-0.7,-0.7,-0.7,-0.6,-0.2,0.8,2.2,2.0,1.9,1.9,1.8000001,1.8000001,1.5,0.7,0.0,-0.3,-0.3,-0.4,-0.4,-0.4,-0.4,-0.4
0.0,0.0,0.0,0.0,0.0,0.0,-0.1,-0.1,-0.1,-0.1,-0.1,-0.1,-0.1,-0.1,0.1,0.5,0.6,0.7,0.7,0.7,0.7,0.5,0.2,0.1,0.1,0.1,0.1,0.2,0.3,0.6,0.90000004,0.90000004,0.90000004,0.7,0.4,0.5,0.5,0.5,0.5,0.5,0.5,0.5,0.5,0.6,0.8,0.8,0.8,0.90000004,0.90000004,0.90000004,0.90000004,0.90000004,0.90000004,2.6000001,3.4,3.5,3.5,3.6000001,2.9,1.9,1.0,0.6,0.5,0.5,0.4,0.4,0.3,-0.2,-0.7,-0.7,-0.8,-0.8,-0.8,-0.8,-0.5,-0.2,0.6,2.6000001,3.9,3.6000001,3.2,2.8,2.5,2.4,2.3,0.0,-0.2,-0.3,-0.3,-0.4,-0.4,-0.4,-0.4,-0.4
0.0,0.0,0.0,0.0,0.0,0.0,-0.1,-0.1,-0.1,-0.1,-0.1,-0.1,-0.1,-0.1,0.0,0.1,0.4,0.5,0.6,0.6,0.4,0.2,0.1,0.0,0.0,0.0,0.0,0.0,0.0,0.1,0.2,0.4,0.8,0.4,0.5,0.5,0.5,0.5,0.5,0.5,0.5,0.5,0.3,0.5,0.6,0.7,0.8,0.8,0.90000004,0.90000004,0.90000004,0.90000004,3.0,3.6000001,3.9,3.9,3.9,3.9,3.8,3.5,2.5,1.0,0.6,0.5,0.5,0.4,0.3,-0.2,-0.7,-0.8,-0.8,-0.8,-0.8,-0.7,-0.5,0.1,2.3,3.9,4.4,4.6,4.6,4.5,4.3,4.1,3.8,0.0,0.0,-0.2,-0.3,-0.3,-0.4,-0.4,-0.4,-0.4
0.6,0.6,0.6,0.6,0.6,0.7,1.0,1.3000001,1.4,1.4,1.4,1.4,1.4,1.4,1.4,1.3000001,1.3000001,1.2,0.0,-0.1,0.0,0.2,0.3,0.4,0.5,0.5,0.5,0.5,0.5,0.5,0.5,0.5,0.6,0.7,0.8,0.8,0.7,0.7,0.7,0.7,0.7,0.6,0.5,0.5,0.8,0.90000004,0.90000004,1.0,1.0,1.1,1.6,2.0,2.2,2.4,2.5,2.5,2.5,2.5,2.5,2.5,2.5,2.5,2.3,2.2,2.2,2.1000001,2.0,0.90000004,0.0,0.0,-0.1,-0.1,0.0,0.0,0.4,2.3,4.6,5.2000003,5.4,5.5,5.5,5.4,5.4,5.3,5.1,1.4,1.4,1.3000001,1.2,1.1,1.1,1.1,1.1,1.1
0.6,0.6,0.6,0.6,0.6,0.7,1.0,1.3000001,1.4,1.4,1.4,1.4,1.4,1.4,1.4,1.3000001,1.3000001,1.2,0.0,-0.1,0.0,0.2,0.3,0.4,0.5,0.5,0.5,0.5,0.5,0.5,0.5,0.5,0.6,0.7,0.8,0.8,0.7,0.7,0.7,0.7,0.7,0.6,0.5,0.5,0.8,0.90000004,0.90000004,1.0,1.0,1.1,1.6,2.0,2.2,2.4,2.5,2.5,2.5,2.5,2.5,2.5,2.5,2.5,2.3,2.2,2.2,2.1000001,2.0,0.90000004,0.0,0.0,-0.1,-0.1,0.0,0.0,0.4,2.3,4.6,5.2000003,5.4,5.5,5.5,5.4,5.4,5.3,5.1,1.4,1.4,1.3000001,1.2,1.1,1.1,1.1,1.1,1.1
0.6,0.6,0.6,0.6,0.6,0.7,0.8,1.2,1.3000001,1.4,1.4,1.4,1.3000001,1.3000001,0.90000004,0.3,-0.3,-0.8,-1.0,-0.8,-0.4,0.0,0.3,0.4,0.5,0.5,0.5,0.5,0.5,0.5,0.5,0.5,0.6,0.7,0.7,0.7,0.7,0.7,0.7,0.7,0.6,0.5,0.4,0.3,0.0,0.0,0.8,0.90000004,0.90000004,1.7,2.0,2.2,2.4,2.5,2.5,2.5,2.5,2.5,2.5,2.5,2.5,2.5,2.5,2.4,2.3,2.2,1.8000001,0.8,0.1,0.0,0.0,-0.1,0.0,0.0,1.6,4.4,5.2000003,5.4,5.5,5.5,5.4,5.4,5.3,5.2000003,5.2000003,1.7,1.7,1.7,1.7,1.8000001,1.8000001,1.7,1.7,1.6
0.6,0.6,0.6,0.6,0.6,0.7,0.7,1.0,1.2,1.3000001,1.4,1.4,1.3000001,1.0,-0.2,-0.7,-1.0,-1.2,-1.2,-1.1,-0.90000004,-0.3,0.2,0.4,0.5,0.5,0.5,0.5,0.5,0.5,0.5,0.5,0.6,0.7,0.7,0.4,0.5,0.5,0.5,0.4,0.2,0.1,0.0,-0.1,-0.3,-0.4,-0.4,1.5,1.7,2.3,2.4,2.5,2.5,2.5,2.5,2.5,2.5,2.5,2.5,2.5,2.5,2.5,2.5,2.5,2.3,2.3,1.7,0.8,0.2,0.0,0.0,0.0,0.1,0.4,3.9,5.1,5.4,5.5,5.5,5.5,5.5,5.4,5.4,5.2000003,4.9,2.6000001,1.8000001,1.8000001,1.8000001,1.8000001,1.8000001,1.8000001,1.8000001,1.8000001
0.6,0.6,0.6,0.6,0.6,0.6,0.6,0.90000004,1.1,1.2,1.2,1.1,1.0,0.90000004,-0.90000004,-1.1,-1.2,-1.2,-1.3000001,-1.2,-1.2,-0.90000004,-0.1,0.3,0.4,0.5,0.5,0.5,0.5,0.5,0.5,0.6,0.6,0.6,0.1,-0.4,-1.3000001,-1.6,-1.6,-1.5,-1.4,-1.3000001,-1.1,-1.1,-0.90000004,-0.90000004,0.2,0.90000004,1.2,2.3,2.3,2.4,2.5,2.5,2.5,2.5,2.5,2.5,2.5,2.5,2.5,2.5,2.5,2.5,2.5,2.4,2.3,0.90000004,0.3,0.1,0.0,0.2,0.5,1.2,4.8,5.3,5.4,5.4,5.5,5.5,5.5,5.4,5.3,4.9,4.3,2.5,1.7,1.8000001,1.8000001,1.8000001,1.8000001,1.8000001,1.8000001,1.8000001
0.6,0.6,0.6,0.6,0.6,0.6,0.6,0.6,0.6,0.5,0.7,0.6,0.1,0.0,-0.90000004,-1.1,-1.2,-1.3000001,-1.3000001,-1.3000001,-1.3000001,-1.2,-0.90000004,0.0,0.4,0.5,0.5,0.5,0.5,0.5,0.6,0.6,0.6,0.6,0.5,0.2,-1.4,-1.8000001,-1.8000001,-1.8000001,-1.7,-1.7,-1.6,-1.5,-0.7,0.2,1.0,1.4,1.6,2.2,2.3,2.3,2.4,2.5,2.5,2.5,2.5,2.5,2.5,2.5,2.5,2.5,2.5,2.5,2.5,2.4,2.4,0.90000004,0.4,0.2,0.1,0.7,1.3000001,2.7,5.1,5.2000003,5.3,5.4,5.4,5.4,5.4,5.2000003,4.6,3.1000001,1.6,0.8,1.5,1.7,1.9,1.9,1.9,1.9,1.9,2.0
0.5,0.5,0.5,0.5,0.5,0.5,0.5,0.5,0.5,0.5,0.5,0.3,0.2,0.1,-0.7,-1.1,-1.3000001,-1.3000001,-1.3000001,-1.3000001,-1.3000001,-1.3000001,-1.2,-0.8,0.3,0.5,0.5,0.5,0.5,0.6,0.6,0.6,0.6,0.6,0.7,0.6,-1.0,-1.9,-1.8000001,-1.8000001,-1.8000001,-1.7,-1.6,-1.6,0.2,1.1,1.6,1.7,1.8000001,2.2,2.2,2.3,2.3,2.4,2.5,2.5,2.5,2.5,2.5,2.5,2.5,2.5,2.5,2.5,2.5,2.5,2.4,1.3000001,0.6,0.3,0.90000004,1.4,2.4,3.8,4.8,4.9,5.0,5.1,5.0,4.8,3.8,1.1,0.0,-0.2,-0.2,-0.2,1.1,1.6,2.0,1.9,1.9,2.0,2.1000001,2.5
0.5,0.5,0.5,0.5,0.5,0.5,0.5,0.5,0.5,0.5,0.5,0.3,0.2,0.1,-0.7,-1.1,-1.3000001,-1.3000001,-1.3000001,-1.3000001,-1.3000001,-1.3000001,-1.2,-0.8,0.3,0.5,0.5,0.5,0.5,0.6,0.6,0.6,0.6,0.6,0.7,0.6,-1.0,-1.9,-1.8000001,-1.8000001,-1.8000001,-1.7,-1.6,-1.6,0.2,1.1,1.6,1.7,1.8000001,2.2,2.2,2.3,2.3,2.4,2.5,2.5,2.5,2.5,2.5,2.5,2.5,2.5,2.5,2.5,2.5,2.5,2.4,1.3000001,0.6,0.3,0.90000004,1.4,2.4,3.8,4.8,4.9,5.0,5.1,5.0,4.8,3.8,1.1,0.0,-0.2,-0.2,-0.2,1.1,1.6,2.0,1.9,1.9,2.0,2.1000001,2.5
0.5,0.5,0.5,0.5,0.5,0.5,0.5,0.5,0.5,0.5,0.5,0.3,0.3,0.3,-0.2,-1.1,-1.3000001,-1.3000001,-1.3000001,-1.3000001,-1.3000001,-1.3000001,-1.2,-1.1,0.0,0.5,0.5,0.6,0.6,0.6,0.6,0.6,0.6,0.6,0.7,0.7,0.4,-1.7,-1.8000001,-1.8000001,-1.7,-1.7,-1.6,-1.1,1.3000001,1.7,1.9,1.9,2.0,2.0,2.2,2.2,2.3,2.3,2.5,2.5,2.5,2.5,2.5,2.5,2.5,2.5,2.5,2.5,2.5,2.5,2.5,1.6,1.0,0.5,1.5,2.2,3.3,4.3,4.1,4.1,3.8,3.2,1.8000001,0.2,-0.4,-0.6,-0.6,-0.6,-0.6,-0.6,0.0,1.2,2.2,2.3,2.6000001,3.2,3.6000001,3.7
0.5,0.5,0.5,0.5,0.5,0.5,0.5,0.5,0.5,0.5,0.5,0.4,0.4,0.4,0.3,-0.7,-1.3000001,-1.3000001,-1.3000001,-1.3000001,-1.3000001,-1.2,-1.2,-1.1,0.0,1.0,1.1,0.90000004,0.7,0.8,0.7,0.7,0.6,0.6,0.7,0.6,0.3,-1.0,-1.5,-1.6,-1.6,-1.6,-1.3000001,0.0,1.8000001,2.0,2.0,2.0,2.0,2.0,2.2,2.2,2.2,2.3,2.4,2.5,2.5,2.5,2.5,2.5,2.5,2.5,2.5,2.5,2.5,2.4,2.4,2.4,1.2,0.8,2.2,3.0,3.4,3.3,2.8,2.2,1.4,0.5,-0.1,-0.5,-0.6,-0.7,-0.7,-0.7,-0.6,-0.7,-0.4,0.3,3.1000001,3.4,3.7,3.8,3.8,3.8
0.5,0.5,0.5,0.5,0.5,0.5,0.5,0.5,0.5,0.5,0.5,0.4,0.4,0.4,0.4,0.1,-1.1,-1.3000001,-1.3000001,-1.3000001,-1.2,-1.1,-0.90000004,-0.6,0.8,1.3000001,1.3000001,1.2,1.1,1.3000001,1.1,0.90000004,0.90000004,0.8,0.7,0.4,0.1,-0.4,-1.1,-1.3000001,-1.4,-1.4,-0.1,1.4,2.0,2.1000001,2.1000001,2.1000001,2.1000001,2.1000001,2.2,2.2,2.2,2.2,2.2,2.4,2.3,2.3,2.3,2.3,2.3,2.3,2.3,2.3,2.3,2.3,2.3,2.0,2.0,1.9,3.5,2.5,2.3,2.2,1.6,1.3000001,1.0,0.7,0.5,0.5,0.4,0.4,0.4,0.4,0.4,0.3,0.4,0.7,1.1,1.0,1.0,1.0,1.0,1.0
0.1,0.1,0.1,-0.4,-0.5,-0.5,-0.5,-0.5,0.0,0.3,0.3,0.4,0.4,0.4,0.4,0.3,0.1,0.0,0.0,0.0,0.0,0.0,0.1,0.1,-0.6,-0.7,-0.5,-0.4,-0.2,0.6,2.4,2.8,2.8,2.7,2.3,1.5,-0.2,-0.8,-1.4,-1.8000001,-2.1000001,-0.7,1.4,2.1000001,2.4,2.5,2.5,2.5,2.5,2.6000001,2.6000001,2.6000001,2.5,2.5,2.1000001,1.9,2.2,2.1000001,2.1000001,2.1000001,2.0,2.0,2.0,2.1000001,1.7,1.7,1.7,1.7,1.6,1.6,1.6,1.0,1.9,1.7,1.2,1.0,0.8,0.6,0.5,0.5,0.4,0.4,0.4,0.4,0.4,0.4,0.4,0.7,0.90000004,1.0,1.0,1.0,1.0,1.0
0.4,0.3,0.3,0.2,0.1,0.0,0.0,-0.1,0.4,0.3,0.3,0.4,0.4,0.4,0.4,0.3,0.3,0.1,0.1,0.1,0.1,0.1,0.1,0.1,-0.6,-0.7,-0.6,-0.6,-0.5,-0.1,2.6000001,2.9,2.9,3.0,2.9,2.7,2.3,1.7,-1.2,-1.5,-0.8,1.1,2.0,2.3,2.5,2.5,2.5,2.5,2.5,2.6000001,2.6000001,2.6000001,2.5,2.5,2.0,1.9,1.8000001,1.9,1.9,1.9,1.8000001,1.8000001,1.8000001,1.8000001,1.7,1.7,1.7,1.6,1.6,1.6,1.6,1.3000001,1.0,0.7,1.0,0.90000004,0.7,0.6,0.5,0.5,0.4,0.4,0.4,0.4,0.3,0.4,0.5,0.8,0.90000004,1.0,1.0,1.0,1.0,1.0
0.4,0.3,0.3,0.2,0.1,0.0,0.0,-0.1,0.4,0.3,0.3,0.4,0.4,0.4,0.4,0.3,0.3,0.1,0.1,0.1,0.1,0.1,0.1,0.1,-0.6,-0.7,-0.6,-0.6,-0.5,-0.1,2.6000001,2.9,2.9,3.0,2.9,2.7,2.3,1.7,-1.2,-1.5,-0.8,1.1,2.0,2.3,2.5,2.5,2.5,2.5,2.5,2.6000001,2.6000001,2.6000001,2.5,2.5,2.0,1.9,1.8000001,1.9,1.9,1.9,1.8000001,1.8000001,1.8000001,1.8000001,1.7,1.7,1.7,1.6,1.6,1.6,1.6,1.3000001,1.0,0.7,1.0,0.90000004,0.7,0.6,0.5,0.5,0.4,0.4,0.4,0.4,0.3,0.4,0.5,0.8,0.90000004,1.0,1.0,1.0,1.0,1.0
0.5,0.3,0.3,0.3,0.2,0.2,0.1,0.0,0.3,0.4,0.4,0.4,0.4,0.4,0.4,0.3,0.2,0.2,0.1,0.2,0.2,0.2,0.1,0.1,-0.6,-0.7,-0.6,-0.6,-0.6,-0.5,2.5,2.9,3.0,3.0,2.9,2.9,2.7,2.5,2.2,-1.3000001,0.8,1.8000001,2.2,2.4,2.5,2.5,2.5,2.5,2.6000001,2.6000001,2.6000001,2.6000001,2.5,2.5,1.9,1.8000001,1.8000001,1.8000001,1.8000001,1.8000001,1.8000001,1.8000001,1.8000001,1.8000001,1.7,1.7,1.6,1.6,1.6,1.6,1.6,1.6,1.2,1.0,0.90000004,0.8,0.7,0.6,0.6,0.5,0.5,0.5,0.5,0.5,0.3,0.4,0.5,0.8,0.90000004,1.0,1.0,1.0,1.0,1.0
0.90000004,0.4,0.4,0.2,0.2,0.2,0.1,0.3,0.3,0.4,0.4,0.4,0.4,0.4,0.3,0.2,0.2,0.2,0.2,0.2,0.2,0.2,0.1,0.1,-0.6,-0.7,-0.6,-0.6,-0.6,-0.6,1.5,2.9,2.9,2.9,2.9,2.9,2.8,2.7,2.5,2.8,2.7,2.0,2.2,2.4,2.4,2.5,2.5,2.5,2.6000001,2.6000001,2.6000001,2.5,2.5,2.4,1.9,1.8000001,1.8000001,1.8000001,1.8000001,1.8000001,1.8000001,1.8000001,1.8000001,1.8000001,1.7,1.6,1.6,1.6,1.6,1.6,1.6,1.6,1.4,1.2,0.6,0.5,0.7,0.6,0.6,0.5,0.4,0.4,0.4,0.4,0.4,0.4,0.6,0.8,0.90000004,1.0,1.1,1.1,1.0,1.0
1.4,0.6,0.4,0.4,0.2,0.2,0.1,0.3,0.3,0.4,0.4,0.4,0.4,0.3,0.3,0.2,0.2,0.2,0.2,0.2,0.2,0.2,0.1,0.1,-0.6,-0.7,-0.6,-0.6,-0.6,-0.4,0.6,2.5,2.8,2.8,2.8,2.8,2.9,2.8,2.7,2.8,2.7,2.5,2.5,2.5,2.4,2.4,2.5,2.5,2.6000001,2.6000001,2.6000001,2.5,2.5,2.3,1.9,1.8000001,1.8000001,1.8000001,1.8000001,1.8000001,1.8000001,1.8000001,1.8000001,1.8000001,1.6,1.6,1.6,1.6,1.6,1.6,1.6,1.6,1.6,1.4,0.90000004,0.6,0.5,0.5,0.5,0.5,0.5,0.5,0.5,0.6,0.7,0.90000004,1.0,1.3000001,1.2,1.1,1.1,1.1,1.1,1.0
1.7,0.90000004,0.6,0.4,0.3,0.4,0.4,0.5,0.5,0.5,0.5,0.4,0.4,0.4,0.3,0.2,0.2,0.2,0.2,0.2,0.2,0.2,0.2,0.1,-0.5,-0.7,-0.5,-0.5,-0.5,-0.2,0.5,1.9,2.5,2.6000001,2.9,2.8,2.7,2.5,2.3,2.2,2.2,2.4,2.5,2.5,2.6000001,2.5,2.5,2.5,2.5,2.6000001,2.5,2.5,2.4,2.2,1.9,1.8000001,1.8000001,1.8000001,1.8000001,1.8000001,1.8000001,1.8000001,1.8000001,1.8000001,1.6,1.6,1.5,1.5,1.5,1.6,1.6,1.6,1.6,1.4,1.1,0.8,0.6,0.6,0.7,0.7,0.8,0.90000004,1.0,1.1,1.2,1.3000001,1.3000001,1.4,1.4,1.3000001,1.2,1.1,1.1,1.0
1.5,1.1,0.8,0.4,0.5,0.6,0.6,0.6,0.7,0.7,0.6,0.6,0.4,0.3,0.3,0.3,0.3,0.3,0.3,0.3,0.3,0.2,0.2,0.2,-0.5,-0.6,-0.6,-0.4,-0.3,0.0,0.5,1.5,2.1000001,2.8,2.4,2.2,2.1000001,2.0,2.0,2.0,2.0,2.2,2.4,2.5,2.5,2.5,2.5,2.5,2.5,2.5,2.5,2.5,2.4,2.1000001,1.8000001,1.8000001,1.8000001,1.8000001,1.8000001,1.8000001,1.8000001,1.8000001,1.8000001,1.6,1.5,1.5,1.5,1.5,1.5,1.5,1.6,1.6,1.6,1.6,1.3000001,1.1,0.90000004,1.0,1.1,1.1,1.2,1.3000001,1.3000001,1.4,1.4,1.5,1.5,1.4,1.4,1.4,1.4,1.3000001,0.90000004,0.90000004
1.4,1.2,1.1,0.90000004,0.90000004,0.90000004,0.90000004,0.90000004,0.90000004,0.90000004,0.8,0.8,0.5,0.5,0.4,0.5,0.5,0.4,0.4,0.3,0.2,0.1,0.1,0.0,0.0,0.0,0.0,0.3,0.4,0.6,1.0,1.8000001,2.2,2.7,2.3,2.1000001,2.0,2.0,2.0,1.9,1.8000001,1.9,2.0,2.0,2.0,2.0,2.0,2.0,2.0,2.0,2.0,2.0,2.0,2.0,2.0,1.9,1.9,1.9,1.9,1.9,1.9,1.9,1.9,1.8000001,1.7,1.7,1.7,1.7,1.7,1.7,1.7,1.7,1.7,1.7,1.7,1.8000001,2.0,2.0,2.0,2.0,2.0,2.0,2.0,2.0,2.0,2.0,2.0,2.0,1.9,1.9,1.8000001,1.8000001,1.1,1.1
1.3000001,1.4,1.0,0.90000004,0.90000004,0.90000004,0.90000004,0.90000004,0.90000004,0.90000004,0.90000004,0.8,0.7,0.6,0.5,0.5,0.5,0.5,0.5,0.5,0.5,0.5,0.4,0.3,0.0,0.0,0.0,0.0,0.0,0.7,1.1,1.6,2.2,2.0,1.9,1.9,1.9,1.9,1.9,1.9,1.8000001,1.8000001,1.9,2.0,2.0,2.0,2.0,2.0,2.0,1.9,1.9,1.9,2.0,2.0,2.0,1.9,1.9,1.9,1.9,1.9,1.9,1.9,1.8000001,1.7,1.7,1.7,1.7,1.7,1.7,1.7,1.7,1.7,1.7,1.7,1.7,1.8000001,1.9,2.0,2.0,2.0,2.0,2.0,2.0,2.0,2.0,2.0,2.0,2.0,2.0,1.9,1.8000001,1.7,1.0,0.90000004
1.3000001,1.1,1.0,0.90000004,0.90000004,0.90000004,0.90000004,0.90000004,0.90000004,0.90000004,0.90000004,0.90000004,0.7,0.6,0.5,0.5,0.5,0.5,0.5,0.5,0.5,0.5,0.5,0.3,0.0,-0.1,-0.1,-0.1,0.0,0.0,0.90000004,1.4,1.9,1.9,1.8000001,1.8000001,1.8000001,1.8000001,1.8000001,1.8000001,1.8000001,1.8000001,1.8000001,1.9,1.8000001,1.8000001,1.8000001,1.8000001,1.7,1.7,1.7,1.7,1.7,1.7,1.9,1.9,1.9,1.9,1.9,1.9,1.9,1.8000001,1.7,1.7,1.7,1.7,1.7,1.7,1.7,1.7,1.7,1.7,1.7,1.7,1.8000001,1.8000001,1.9,2.0,2.0,2.0,2.0,2.0,2.0,2.0,2.0,2.0,2.0,2.0,2.0,1.9,1.8000001,1.6,1.0,0.90000004
1.1,1.0,1.0,0.90000004,0.90000004,0.90000004,0.90000004,0.90000004,0.90000004,0.90000004,0.90000004,0.90000004,0.8,0.6,0.6,0.5,0.5,0.5,0.5,0.5,0.5,0.5,0.4,0.1,0.0,-0.1,-0.1,-0.1,0.0,0.1,0.7,1.4,1.7,1.7,1.8000001,1.8000001,1.8000001,1.8000001,1.8000001,1.8000001,1.8000001,1.8000001,1.7,1.7,1.6,1.6,1.5,1.5,1.5,1.5,1.5,1.5,1.5,1.6,1.8000001,1.9,1.9,1.9,1.9,1.9,1.8000001,1.7,1.7,1.7,1.7,1.7,1.7,1.7,1.7,1.7,1.7,1.7,1.7,1.7,1.8000001,1.9,2.0,2.0,2.0,2.0,2.0,2.0,2.0,2.0,2.0,2.0,2.0,2.0,2.0,1.9,1.6,1.1,1.0,0.90000004
1.0,0.5,0.7,0.8,0.90000004,0.90000004,0.90000004,0.90000004,0.90000004,0.90000004,0.90000004,0.90000004,0.90000004,0.7,0.6,0.5,0.5,0.5,0.5,0.5,0.5,0.5,0.3,0.0,-0.1,-0.1,-0.1,0.0,0.0,0.0,0.5,1.4,1.7,1.7,1.7,1.8000001,1.8000001,1.8000001,1.8000001,1.8000001,1.8000001,1.8000001,1.7,1.7,1.5,1.5,1.5,1.5,1.5,1.5,1.5,1.5,1.5,1.5,1.6,1.8000001,1.9,1.9,1.9,1.8000001,1.8000001,1.7,1.7,1.7,1.7,1.7,1.7,1.7,1.7,1.7,1.7,1.7,1.8000001,1.8000001,1.9,2.0,1.9,1.9,2.0,2.0,2.0,2.0,2.0,2.0,2.0,2.0,2.0,2.0,2.0,1.7,1.4,1.1,1.0,0.90000004
-0.5,0.1,0.5,0.8,0.90000004,0.90000004,0.90000004,0.90000004,0.90000004,0.90000004,0.90000004,0.90000004,0.90000004,0.7,0.6,0.6,0.5,0.5,0.5,0.5,0.5,0.4,0.0,0.0,-0.1,-0.1,-0.1,0.0,0.0,0.0,0.3,1.3000001,1.7,1.7,1.8000001,1.8000001,1.8000001,1.8000001,1.8000001,1.8000001,1.7,1.8000001,1.7,1.6,1.5,1.5,1.5,1.4,1.5,1.5,1.5,1.5,1.5,1.5,1.5,1.6,1.7,2.2,1.8000001,1.8000001,1.7,1.7,1.7,1.7,1.7,1.7,1.7,1.7,1.7,1.7,1.8000001,1.8000001,1.9,1.9,1.9,1.9,1.8000001,1.9,1.9,2.0,2.0,2.0,2.0,2.0,2.0,2.0,2.0,2.0,1.8000001,1.3000001,1.2,1.1,1.0,0.90000004
-0.5,0.1,0.5,0.8,0.90000004,0.90000004,0.90000004,0.90000004,0.90000004,0.90000004,0.90000004,0.90000004,0.90000004,0.7,0.6,0.6,0.5,0.5,0.5,0.5,0.5,0.4,0.0,0.0,-0.1,-0.1,-0.1,0.0,0.0,0.0,0.3,1.3000001,1.7,1.7,1.8000001,1.8000001,1.8000001,1.8000001,1.8000001,1.8000001,1.7,1.8000001,1.7,1.6,1.5,1.5,1.5,1.4,1.5,1.5,1.5,1.5,1.5,1.5,1.5,1.6,1.7,2.2,1.8000001,1.8000001,1.7,1.7,1.7,1.7,1.7,1.7,1.7,1.7,1.7,1.7,1.8000001,1.8000001,1.9,1.9,1.9,1.9,1.8000001,1.9,1.9,2.0,2.0,2.0,2.0,2.0,2.0,2.0,2.0,2.0,1.8000001,1.3000001,1.2,1.1,1.0,0.90000004
-1.3000001,-0.8,0.0,0.8,0.8,0.90000004,0.90000004,0.90000004,0.90000004,0.90000004,0.90000004,0.90000004,0.90000004,0.8,0.6,0.5,0.5,0.5,0.5,0.5,0.4,0.1,0.0,-0.1,-0.1,-0.1,-0.1,0.0,0.0,0.0,0.2,1.1,1.6,1.7,1.8000001,1.8000001,1.8000001,1.8000001,1.7,1.7,1.7,1.7,1.7,1.5,1.5,1.4,1.4,1.4,1.4,1.4,1.4,1.5,1.5,1.5,1.6,1.8000001,2.1000001,2.3,2.3,2.3,2.2,2.1000001,1.9,1.8000001,1.8000001,1.7,1.7,1.8000001,1.8000001,1.9,1.9,2.0,2.0,2.0,1.9,1.9,1.8000001,1.7,1.8000001,1.9,2.0,2.0,2.0,2.0,2.0,2.0,2.0,1.9,1.3000001,1.2,1.1,1.1,1.1,0.90000004
-1.7,-1.6,-1.2,0.6,0.8,0.8,0.90000004,0.90000004,0.90000004,0.90000004,0.90000004,0.90000004,0.8,0.8,0.5,0.5,0.5,0.5,0.5,0.5,0.2,0.0,0.0,-0.1,-0.1,-0.1,-0.1,-0.1,0.0,0.0,0.1,0.90000004,1.5,1.7,1.7,1.8000001,1.7,1.7,1.7,1.7,1.7,1.7,1.6,1.5,1.4,1.4,1.4,1.4,1.4,1.4,1.4,1.5,1.5,1.5,1.6,1.9,2.2,2.4,2.4,2.4,2.4,2.4,2.3,2.2,2.0,1.8000001,1.9,1.9,2.0,2.0,2.0,2.0,2.0,2.0,2.0,1.9,1.8000001,1.7,1.7,1.8000001,1.9,2.0,2.0,2.0,2.0,2.0,1.9,1.4,1.2,1.2,1.2,1.1,1.1,0.90000004
-1.8000001,-1.8000001,-1.7,-0.6,0.4,0.7,0.90000004,0.90000004,0.90000004,0.8,0.8,0.7,0.6,0.5,0.4,0.4,0.4,0.4,0.4,0.4,0.4,0.0,0.0,0.0,-0.1,-0.1,-0.1,-0.1,-0.1,0.0,0.1,0.7,1.5,1.6,1.6,1.6,1.5,1.5,1.4,1.4,1.3000001,1.3000001,1.4,1.4,1.4,1.4,1.4,1.4,1.4,1.4,1.4,1.4,1.5,1.5,1.7,2.1000001,2.4,2.4,2.5,2.5,2.5,2.5,2.5,2.4,2.4,2.2,2.1000001,2.0,2.0,2.0,2.0,2.0,2.0,2.0,2.0,1.8000001,1.7,1.7,1.7,1.7,1.7,1.8000001,1.9,2.0,2.0,1.8000001,1.5,1.2,1.2,1.1,1.2,1.1,1.1,1.0
-1.9,-1.8000001,-1.8000001,-1.6,-1.0,0.0,0.7,0.6,0.5,0.4,0.3,0.3,0.3,0.3,0.4,0.4,0.4,0.4,0.4,0.4,0.4,0.7,0.5,0.2,0.0,0.0,0.0,-0.1,0.0,0.0,0.1,0.7,0.7,1.0,0.90000004,0.90000004,0.8,0.8,0.8,0.8,0.8,0.90000004,1.3000001,1.3000001,1.4,1.4,1.4,1.4,1.4,1.4,1.4,1.4,1.5,1.5,1.9,2.3,2.4,2.5,2.5,2.5,2.6000001,2.6000001,2.5,2.5,2.4,2.2,2.1000001,2.1000001,2.1000001,2.0,2.0,2.0,2.0,2.0,2.0,1.8000001,1.7,1.6,1.6,1.6,1.6,1.7,1.7,1.8000001,1.9,1.6,1.3000001,1.2,1.2,1.1,1.1,1.1,1.0,0.90000004
-1.9,-1.9,-1.9,-1.8000001,-1.6,-0.6,0.3,0.2,0.2,0.2,0.2,0.2,0.2,0.3,0.4,0.4,0.4,0.4,0.4,0.4,0.4,0.7,0.8,0.90000004,0.3,0.1,0.0,0.0,0.1,0.3,0.6,0.7,0.7,0.7,0.8,0.7,0.7,0.8,0.8,0.8,0.90000004,0.90000004,1.1,1.2,1.4,1.4,1.4,1.4,1.4,1.4,1.4,1.4,1.5,1.5,2.1000001,2.4,2.5,2.5,2.5,2.6000001,2.6000001,2.6000001,2.6000001,2.6000001,2.4,2.2,2.1000001,2.1000001,2.0,2.0,2.0,2.0,2.0,2.0,2.0,1.7,1.6,1.6,1.6,1.6,1.6,1.6,1.6,1.7,1.7,1.4,1.2,1.2,1.2,1.2,1.1,1.0,0.90000004,0.90000004
-1.9,-1.9,-1.9,-1.8000001,-1.6,-0.6,0.3,0.2,0.2,0.2,0.2,0.2,0.2,0.3,0.4,0.4,0.4,0.4,0.4,0.4,0.4,0.7,0.8,0.90000004,0.3,0.1,0.0,0.0,0.1,0.3,0.6,0.7,0.7,0.7,0.8,0.7,0.7,0.8,0.8,0.8,0.90000004,0.90000004,1.1,1.2,1.4,1.4,1.4,1.4,1.4,1.4,1.4,1.4,1.5,1.5,2.1000001,2.4,2.5,2.5,2.5,2.6000001,2.6000001,2.6000001,2.6000001,2.6000001,2.4,2.2,2.1000001,2.1000001,2.0,2.0,2.0,2.0,2.0,2.0,2.0,1.7,1.6,1.6,1.6,1.6,1.6,1.6,1.6,1.7,1.7,1.4,1.2,1.2,1.2,1.2,1.1,1.0,0.90000004,0.90000004
-1.9,-1.9,-1.9,-1.8000001,-1.4,-0.2,0.1,0.1,0.2,0.2,0.2,0.2,0.2,0.2,0.4,0.4,0.4,0.4,0.4,0.4,0.6,0.90000004,0.90000004,0.90000004,0.8,0.7,0.4,0.3,0.5,0.6,0.6,0.6,0.6,0.7,0.7,0.7,0.7,0.7,0.8,0.8,0.90000004,1.2,1.2,1.2,1.2,1.3000001,1.4,1.4,1.4,1.4,1.4,1.4,1.5,1.6,2.3,2.4,2.5,2.5,2.6000001,2.6000001,2.6000001,2.6000001,2.6000001,2.6000001,2.5,2.3,2.1000001,2.0,2.0,2.0,2.0,2.0,2.0,2.0,1.9,1.7,1.6,1.6,1.6,1.6,1.6,1.6,1.6,1.6,1.7,1.2,1.2,1.2,1.2,1.2,1.2,1.2,1.2,0.90000004
-1.9,-1.9,-1.9,-1.7,-0.90000004,0.0,0.1,0.1,0.1,0.2,0.2,0.2,0.2,0.2,0.4,0.4,0.4,0.4,0.4,0.3,0.8,1.0,1.0,0.90000004,0.90000004,0.90000004,0.8,0.6,0.6,0.6,0.6,0.6,0.6,0.6,0.7,0.7,0.7,0.7,0.90000004,1.0,1.0,1.2,1.2,1.2,1.2,1.2,1.2,1.3000001,1.4,1.4,1.4,1.4,1.6,1.7,2.4,2.5,2.5,2.6000001,2.6000001,2.6000001,2.6000001,2.6000001,2.6000001,2.6000001,2.8,2.3,2.4,2.0,2.0,2.0,2.0,2.0,2.0,2.0,1.9,1.7,1.6,1.6,1.6,1.6,1.6,1.6,1.6,1.6,1.6,1.3000001,1.2,1.2,1.2,1.2,1.2,1.2,1.2,1.2
-1.8000001,-1.8000001,-1.8000001,-1.7,-0.4,0.0,0.1,0.1,0.2,0.2,0.2,0.2,0.2,0.3,0.5,0.4,0.4,0.4,0.3,0.3,1.0,1.0,1.0,1.0,0.90000004,0.90000004,0.6,0.6,0.6,0.6,0.6,0.6,0.6,0.6,0.8,0.8,0.8,1.1,1.1,1.1,1.1,1.2,1.2,1.2,1.2,1.2,1.2,1.2,1.2,1.3000001,1.4,1.4,1.4,1.9,2.4,2.5,2.6000001,2.6000001,2.6000001,2.6000001,2.6000001,2.6000001,2.6000001,2.7,3.5,3.8,3.0,1.9,2.0,2.0,2.0,2.0,2.0,2.0,1.8000001,1.6,1.6,1.6,1.6,1.6,1.6,1.6,1.6,1.6,1.6,1.3000001,1.2,1.2,1.2,1.2,1.2,1.2,1.2,1.2
-0.8,-0.8,-0.90000004,-1.2,-0.2,-0.1,-0.1,-0.1,-0.1,-0.1,-0.1,-0.1,0.0,0.0,0.0,0.0,0.0,0.3,0.6,0.7,0.7,0.7,0.7,0.7,0.7,0.6,0.6,0.6,0.6,0.6,0.6,0.6,0.6,0.7,1.0,1.3000001,1.4,1.4,1.4,1.4,1.4,1.2,1.2,1.2,1.2,1.2,1.2,1.2,1.2,1.3000001,1.3000001,0.8,0.8,1.4,2.7,2.9,3.0,3.1000001,3.1000001,3.1000001,3.1000001,3.1000001,3.2,3.4,3.7,3.5,3.1000001,1.8000001,1.4,1.4,1.5,1.7,1.9,2.1000001,1.8000001,1.5,1.5,1.4,1.4,1.4,1.4,1.4,1.4,1.5,1.5,2.1000001,2.2,2.2,2.2,2.3,2.3,2.3,2.2,1.8000001
-0.7,-0.7,-0.7,-0.6,-0.4,-0.2,-0.1,-0.1,-0.1,-0.1,-0.1,0.0,0.0,0.0,0.0,0.0,0.1,0.1,0.2,0.7,0.7,0.7,0.7,0.8,0.90000004,0.6,0.6,0.6,0.6,0.6,0.6,0.6,0.6,0.6,0.90000004,1.3000001,1.4,1.4,1.4,1.4,1.4,1.2,1.2,1.2,1.2,1.2,1.2,1.2,1.1,1.0,0.8,0.6,0.6,0.8,1.8000001,2.5,2.8,3.2,3.2,3.2,3.2,3.4,3.7,3.8,3.8,3.7,3.4,1.8000001,1.2,1.0,1.0,1.1,1.1,1.2,1.2,1.3000001,1.4,1.4,1.4,1.4,1.4,1.4,1.3000001,1.3000001,1.5,1.9,1.9,1.9,1.8000001,1.6,1.4,1.2,1.1,1.1
