demo/minemap/wind/data/WIND_2019031000_006.json
{"header": { "discipline":0, "disciplineName":"Meteorological products", "gribEdition":2, "gribLength":74020, "center":7, "centerName":"US National Weather Service - NCEP(WMC)", "subcenter":0, "refTime":"2019-03-06T00:00:00.000Z", "significanceOfRT":1, "significanceOfRTName":"Start of forecast", "productStatus":0, "productStatusName":"Operational products", "productType":1, "productTypeName":"Forecast products", "productDefinitionTemplate":0, "productDefinitionTemplateName":"Analysis/forecast at horizontal level/layer at a point in time", "parameterCategory":2, "parameterCategoryName":"Momentum", "parameterNumber":2, "parameterNumberName":"U-component_of_wind", "parameterUnit":"m.s-1", "genProcessType":2, "genProcessTypeName":"Forecast", "forecastTime":0, "surface1Type":103, "surface1TypeName":"Specified height level above ground", "surface1Value":10.0, "surface2Type":255, "surface2TypeName":"Missing", "surface2Value":0.0, "gridDefinitionTemplate":0, "gridDefinitionTemplateName":"Latitude_Longitude", "numberPoints":65160, "shape":6, "shapeName":"Earth spherical with radius of 6,371,229.0 m", "gridUnits":"degrees", "resolution":48, "winds":"true", "scanMode":0, "nx":360, "ny":181, "basicAngle":0, "lo1":0.0, "la1":90.0, "lo2":359.0, "la2":-90.0, "dx":1.0, "dy":1.0 }, "data":
[rows 50 to 74 of 181, columns 285 to 341 of 360]
0.30629638,5.0662966,5.6562963,4.2062964,5.0962963,3.8162963,1.3962964,0.5662964,1.7562964,2.2862964,3.1062963,2.6862965,1.8662964,1.0062964,-0.9437036,-1.1337036,-1.4637036,-0.8137036,-2.2937036,-2.9437037,-0.6337036,0.5062964,1.1062964,1.4262964,1.1462964,-0.043703612,-0.123703614,0.9862964,8.386296,8.826297,9.436296,10.386296,10.636296,9.686296,9.566297,10.556296,10.826297,10.976296,11.286297,10.696297,9.956296,8.526297,7.736296,7.2062964,6.7862964,6.3862963,5.7962966,5.3262963,5.6662965,5.986296,6.8262963,6.8462963,7.7062964,7.696296,8.216296,8.576297,9.206296
0.8062964,5.0262966,4.0762963,4.0362964,2.9862964,-0.95370364,-3.7037036,-2.4237037,-1.2637036,-0.9737036,-1.9337037,-3.4337037,-3.9337037,-4.7937036,-5.7037034,-5.7237034,-5.0637035,-4.6637034,-4.4037037,-4.0437036,-3.9937036,-3.5637035,-2.9237037,-1.9837036,-1.6437036,-0.7537036,8.486297,11.076297,8.216296,7.7662964,8.546296,9.656297,9.736297,9.216296,9.046296,9.606297,10.496296,10.756296,10.296296,9.516296,8.756296,7.486296,7.0262966,6.446296,5.756296,5.5362964,4.8062963,4.5962963,4.8062963,4.8762965,5.6662965,6.1162963,6.8462963,7.1262965,7.2862964,7.5762963,8.166296
2.4262965,1.8162963,3.6862965,3.4162965,2.4762964,-1.0737036,-4.573704,-5.1737037,-6.073704,-6.5837035,-7.7537036,-9.223703,-9.823704,-9.473703,-7.9737034,-7.073704,-5.6137037,-4.9437037,-4.803704,-5.2337036,-6.3637037,-7.7037034,-2.8537035,7.1462965,10.366297,8.016296,8.386296,8.766296,8.166296,7.5162964,8.136296,8.506296,8.386296,8.496296,8.096296,8.636296,9.426296,9.446297,8.986297,8.086296,7.196296,6.236296,6.1062965,5.5462966,5.1862965,4.5862966,4.2062964,3.2962964,3.7562964,3.5762963,4.696296,5.0762963,5.946296,6.4162965,6.8262963,7.2462964,7.5462966
1.3162963,0.7162964,-0.20370361,-0.4537036,-1.4637036,-2.9037037,-2.3737037,-2.8837037,-3.9737036,-5.3937035,-8.873704,-8.983704,-8.1037035,-2.2237036,-0.7437036,-6.4737034,-7.3937035,-5.9437037,-0.7837036,4.1462965,6.426296,7.0262966,7.736296,8.076297,7.3862963,7.1262965,7.2462964,7.196296,7.0162964,7.1362963,6.486296,6.8662963,7.256296,7.5462966,7.236296,7.7262964,7.9362965,7.8462963,7.3762965,6.5262966,5.6662965,4.7462964,4.6662965,4.2462964,4.1262965,3.6862965,3.6762965,3.0062964,2.4862964,2.4462965,3.0462964,3.8362963,4.716296,5.7862964,6.4562964,7.7862964,8.606297
1.5662963,1.6762964,-1.3737036,-3.8137035,-3.7037036,-2.7537036,-2.2537036,3.0862963,-4.5437036,-4.6337037,-3.9237037,-3.2437036,-3.1337037,-2.6437037,-0.38370362,3.6462965,5.8862963,6.716296,6.7662964,6.8162966,6.8662963,6.8662963,6.6862965,6.6462965,6.3662963,6.2962966,6.2862964,6.1262965,5.8962965,5.6662965,5.5862966,5.8562965,6.0662966,6.236296,6.256296,6.3062963,6.1162963,6.176296,5.8262963,5.216296,4.4162965,3.8462963,3.2462964,2.8762963,2.7262964,2.4462965,2.5662963,2.4762964,1.4962964,1.8662964,2.1862965,2.9562964,4.0762963,5.1662965,6.3862963,7.7662964,9.386296
3.4162965,4.6062965,7.0662966,6.4162965,3.5462964,4.3162966,5.5962963,2.3662963,2.0462964,-0.9237036,-1.8237036,-0.9437036,2.2762964,4.4162965,4.8462963,4.736296,5.5162964,5.946296,6.1462965,5.7462964,5.6562963,5.3962965,5.216296,5.196296,5.1462965,5.1162963,5.0562963,4.946296,4.8162966,4.7062964,4.8562965,5.2462964,5.196296,5.1162963,4.8262963,4.6362963,4.5262966,4.6362963,4.4062963,3.9962964,3.3862963,2.9162965,2.2862964,1.8562964,1.6362964,1.5162964,1.7362964,1.8162963,1.8162963,1.5962964,2.3162963,2.9262965,3.7262964,5.1562963,6.196296,7.5662966,9.096296
5.3062963,5.1662965,5.176296,3.5262964,2.7462964,3.9362965,11.786297,8.556296,6.006296,5.1662965,5.946296,5.8062963,4.716296,4.486296,4.8562965,5.1062965,4.696296,4.4762964,4.4762964,4.2762966,4.236296,4.0562963,3.7662964,3.6962965,3.7862964,3.7762964,3.9362965,3.8662963,3.7062964,3.7462964,4.1462965,4.3162966,4.0362964,3.7362964,3.2062964,2.8762963,2.8062963,2.9362965,2.8462963,2.5162964,2.1662965,1.7762964,1.4562964,0.9862964,1.0562963,1.1362964,1.4862964,1.6762964,1.9362963,1.9862964,2.3662963,3.4062965,4.1062965,4.6162963,5.6662965,6.8762965,7.8262963
2.0162964,1.4862964,1.7362964,2.0062964,6.736296,15.716296,8.136296,8.1462965,6.0862966,5.736296,4.9062963,4.9362965,5.2662964,5.176296,3.8062963,3.7462964,3.7162964,3.5962963,3.1962965,3.0162964,2.8862963,2.6662965,2.6462965,2.4862964,2.6062963,2.7062964,2.7362964,2.8862963,2.8262963,2.9162965,2.8762963,3.1262963,2.8062963,1.9662964,0.91629636,0.9062964,0.9862964,1.1562964,1.2262964,0.9262964,0.9962964,0.54629636,0.59629637,0.30629638,0.54629636,0.8862964,1.2162964,1.6062964,1.5962964,2.0162964,2.5262964,2.6762965,3.3962965,4.4362965,5.2962966,5.9362965,6.5962963
-0.6137036,-0.09370361,5.0462966,12.626296,15.556296,9.876296,9.956296,7.8462963,5.966296,5.1162963,4.8062963,5.3862963,4.9762964,3.2662964,3.1262963,3.0862963,3.4362965,2.8162963,2.0962963,1.8262963,1.6562964,1.6862963,1.9562964,1.7962964,1.4862964,1.3162963,1.8762964,2.1562965,1.8862964,1.7262964,0.97629637,1.2862964,0.9262964,-0.10370361,-0.8037036,-0.6637036,-0.47370362,-0.4537036,-0.32370362,-0.4237036,-0.25370362,-0.3637036,-0.38370362,-0.3737036,-0.16370362,0.39629638,1.0362964,1.2562964,1.4962964,1.7062964,2.3662963,3.1662965,3.6862965,4.426296,5.2262964,5.7962966,6.0462966
8.046296,11.956296,14.846296,12.816297,11.436296,9.706296,7.716296,6.3662963,5.176296,4.8962965,4.7762966,4.3962965,3.1762965,2.7262964,2.5262964,2.7562964,2.0162964,1.5762963,1.4362963,1.0962964,0.8162964,1.1162964,1.3962964,1.1262964,0.6262964,0.40629637,0.6262964,0.6462964,0.54629636,0.1962964,-0.7537036,-0.65370363,-1.0137036,-1.2937036,-1.6837037,-1.5637037,-1.3437036,-1.4637036,-1.5537037,-1.6137036,-1.4937036,-1.2537036,-1.2837036,-1.1837037,-0.7537036,-0.2737036,0.36629638,1.0062964,1.4162964,1.9862964,2.6362963,3.3062963,3.9662964,4.6062965,4.9962964,5.2662964,5.5362964
13.266296,12.186296,11.846296,10.556296,8.626296,7.486296,6.466296,5.486296,4.506296,4.2262964,3.2362964,2.6062963,2.3362963,1.8262963,2.1862965,0.79629636,0.7062964,0.4862964,0.13629639,-0.083703615,-0.013703614,0.22629638,0.20629638,0.026296386,-0.3737036,-0.9937036,-1.2037036,-1.1437036,-1.5437036,-1.2237036,-0.5737036,-2.9037037,-1.4537036,-2.1437037,-2.4537036,-2.3237035,-1.8937036,-2.0637035,-2.2137036,-2.3337035,-2.2237036,-2.1837037,-2.0237036,-1.7837036,-1.5737036,-1.0037036,-0.053703614,0.5062964,1.2662964,1.8462964,2.5662963,3.3162963,3.7762964,4.1162963,4.4362965,4.7462964,5.4962964
11.216296,10.956296,9.266296,7.5762963,6.5962963,6.2462964,5.736296,4.6262965,3.5862963,2.4462965,1.8062963,1.2462964,1.1162964,0.85629636,0.20629638,0.096296385,-0.34370363,-1.1137036,-1.6037036,-2.1137037,-1.8437036,-1.7237036,-1.8437036,-2.2237036,-2.3037035,-2.5937035,-3.1337037,-3.3337035,-3.3237035,-3.3437035,-2.4637036,-2.2237036,-4.0637035,-2.8237035,-3.0337036,-3.3737037,-2.9337037,-2.6737037,-2.4937036,-2.5637035,-2.6037035,-2.5237036,-2.4637036,-2.0937035,-1.8637036,-1.4437037,-0.8237036,-0.1937036,0.45629638,1.1262964,1.8862964,2.4762964,3.0362964,3.3662963,3.5862963,5.1862965,7.6362963
8.676296,7.8162966,7.006296,6.1662965,5.3762965,4.986296,4.3262963,3.3662963,2.1862965,2.0762963,1.1162964,0.08629639,0.1662964,-0.4037036,-1.2337036,-1.3937036,-2.2737036,-2.8437035,-2.3037035,-2.8637037,-3.3037035,-3.6337037,-3.6837037,-4.0937037,-3.9837036,-4.073704,-4.5437036,-4.9237037,-4.8337035,-5.1437035,-4.3637037,-4.1237035,-4.3837037,-5.073704,-4.2537036,-3.9337037,-3.8637037,-3.4537036,-3.0437036,-2.6537037,-2.4937036,-2.3837037,-2.2037036,-1.9837036,-1.6437036,-1.0737036,-0.4037036,0.18629639,0.4862964,0.6962964,0.8762964,1.1762964,2.2062964,4.2862964,6.3962965,6.676296,6.2862964
6.2662964,5.696296,5.176296,4.5362964,3.9962964,3.8062963,3.2962964,2.1762965,1.7962964,0.5562964,-0.6337036,-0.70370364,-1.3237036,-2.1537037,-2.9537036,-2.8137035,-3.2737036,-3.1137037,-4.1337037,-4.3737035,-4.8537035,-5.2237034,-5.3837037,-5.3737035,-5.7937036,-6.0837035,-6.283704,-6.1137037,-6.073704,-6.1837034,-6.3637037,-6.3637037,-5.4137034,-4.6137037,-4.3437037,-4.3337035,-4.4437037,-4.3437037,-3.6337037,-3.0437036,-2.6037035,-2.3037035,-2.1237037,-1.9537036,-1.6737037,-1.5737036,-1.3937036,-0.7637036,0.5562964,2.0662963,3.6462965,4.6862965,5.0162964,5.0862966,5.0262966,5.0562963,4.8162966
4.5762963,4.3562965,3.9062965,3.2762964,2.9462965,2.3262963,2.0962963,1.0062964,0.3162964,-0.77370363,-1.5237036,-1.6437036,-2.8337035,-3.8437035,-4.323704,-4.3337035,-4.4837036,-4.8137035,-5.243704,-5.6237035,-6.3437037,-6.7937036,-6.783704,-6.803704,-6.8137035,-6.7037034,-7.0437036,-7.2037034,-7.303704,-7.4137034,-7.4337034,-7.3437037,-7.2037034,-6.8837037,-6.6237035,-6.0937037,-5.1237035,-3.6337037,-2.9837036,-2.5037036,-1.9437037,-1.3837036,-1.0337036,-0.47370362,0.36629638,1.1362964,1.6962963,2.1262963,2.4562964,2.6462965,2.7262964,3.0262964,2.6362963,2.9562964,3.1962965,2.9662964,3.3962965
3.5862963,4.1262965,2.9662964,2.1362963,1.7162964,0.53629637,0.23629639,0.36629638,-0.18370362,-2.0037036,-2.3937037,-2.4337037,-3.3037035,-5.4237037,-5.803704,-5.6337037,-5.553704,-6.1437035,-6.0937037,-6.4437037,-6.493704,-7.4237037,-7.6237035,-7.8637037,-7.9137034,-7.993704,-8.163704,-8.223703,-8.243704,-8.273704,-8.293704,-8.223703,-7.9537034,-7.6337037,-7.2937036,-6.8837037,-6.5237036,-5.8337035,-5.4737034,-4.6437035,-3.7937036,-3.0337036,-2.4537036,-1.9937036,-1.5937036,-1.2937036,-0.9937036,-0.7537036,-0.4937036,-0.13370362,0.30629638,0.2962964,0.6162964,0.9062964,1.2562964,1.6562964,2.0162964
2.4562964,2.3462963,1.7462964,0.9062964,-0.5337036,-1.4837036,-1.3837036,-1.9337037,-1.3037037,-2.9337037,-3.1137037,-3.3237035,-4.0237036,-6.1937037,-6.6237035,-6.513704,-6.7237034,-6.9837036,-6.7037034,-7.1737037,-7.6737037,-7.8937035,-8.033704,-8.373704,-8.733704,-8.703704,-8.613704,-8.843703,-9.083704,-9.093703,-9.073704,-8.993704,-8.823704,-8.423703,-8.093703,-7.8137035,-7.4637036,-7.0237036,-6.5437036,-6.0637035,-5.493704,-4.9337034,-4.6037035,-4.243704,-3.9337037,-3.5737035,-3.2937036,-3.1137037,-2.8937037,-2.5237036,-2.1837037,-1.5537037,-1.1137036,-0.58370364,-0.16370362,0.5062964,0.21629639
1.3562964,0.78629637,-0.23370361,-1.5237036,-1.9537036,-2.8837037,-3.0537035,-3.2937036,-3.6237037,-3.8237035,-4.2237034,-4.3537035,-4.513704,-5.2337036,-5.823704,-6.8337035,-7.2737036,-7.8337035,-7.2737036,-7.3937035,-7.8837037,-7.6237035,-7.9737034,-8.973703,-9.373704,-9.553703,-9.243704,-9.203704,-9.613704,-9.723703,-9.673703,-9.473703,-9.373704,-9.153704,-8.743704,-8.503704,-8.083704,-7.9037037,-7.7537036,-7.4437037,-7.0437036,-6.6737037,-6.283704,-6.013704,-5.7137036,-5.573704,-5.1437035,-4.6537037,-4.1537037,-3.6837037,-3.1137037,-2.6837037,-2.1037035,-1.6837037,-1.2137036,-1.3737036,-1.2537036
-0.8837036,-1.7437036,-3.1337037,-4.073704,-4.5237036,-4.803704,-4.6537037,-4.7537036,-4.7737036,-5.323704,-5.1637034,-5.2037034,-5.1237035,-5.2737036,-5.493704,-6.6437035,-7.5437036,-7.6537037,-8.133703,-8.033704,-7.9337034,-7.9037037,-8.533704,-9.573704,-10.153704,-9.953704,-9.753704,-9.493704,-9.753704,-9.873704,-9.863704,-9.583704,-10.163704,-10.1037035,-9.563704,-9.053703,-8.813704,-8.693704,-8.573704,-8.393703,-8.023704,-7.9737034,-7.9537034,-7.513704,-7.2337036,-6.7737036,-6.4537034,-5.9737034,-5.3837037,-4.803704,-4.1637034,-3.8337035,-3.6337037,-3.2937036,-2.9537036,-2.3937037,-1.5437036
-3.2837036,-2.2437036,-5.033704,-6.1737037,-6.8137035,-6.573704,-5.7737036,-5.8137035,-5.7037034,-5.8437037,-5.8437037,-5.553704,-6.073704,-6.5637035,-6.743704,-6.7337036,-7.1037035,-8.1037035,-7.6437035,-8.873704,-8.173703,-8.673703,-8.473703,-8.623704,-8.973703,-9.763703,-9.803703,-9.613704,-9.443704,-9.913704,-10.293704,-9.663704,-8.813704,-9.253704,-9.973703,-9.773704,-9.413704,-9.243704,-9.183703,-8.643703,-8.383703,-8.393703,-8.003704,-7.8537035,-7.6837034,-7.0237036,-6.9037037,-6.3937035,-6.0437036,-5.763704,-5.553704,-5.2337036,-4.8437037,-4.323704,-3.5137036,-2.4637036,-1.1337036
-0.6237036,-3.0937035,-5.033704,-5.0637035,-7.4637036,-7.7937036,-6.8937035,-6.6637034,-6.3537035,-6.6437035,-6.1837034,-5.8837037,-6.283704,-7.073704,-7.2737036,-7.5237036,-7.1737037,-7.8737035,-8.573704,-8.263703,-8.333704,-7.9637036,-7.8837037,-8.173703,-8.633703,-8.793704,-8.573704,-9.433703,-8.763703,-9.363704,-9.593703,-9.153704,-9.163704,-9.423703,-10.063704,-10.283704,-9.943704,-9.283704,-8.963703,-8.413704,-8.393703,-8.273704,-8.123704,-7.8337035,-7.5637035,-7.4237037,-7.0637035,-6.9037037,-6.8337035,-6.4737034,-6.1137037,-5.6737037,-5.1637034,-4.4437037,-3.5037036,-2.3637037,-0.9137036
-1.1737037,-0.25370362,0.79629636,0.8962964,-0.4337036,-1.1337036,-3.9137037,-4.9737034,-7.6437035,-6.7737036,-5.8437037,-6.0437036,-6.803704,-7.0637035,-7.243704,-7.743704,-7.8837037,-8.303703,-8.663704,-8.733704,-8.453704,-7.9637036,-7.0837035,-7.2937036,-8.293704,-8.343703,-8.883703,-8.963703,-8.693704,-8.623704,-8.973703,-9.183703,-9.263703,-9.243704,-9.243704,-10.073704,-10.163704,-9.503704,-8.843703,-8.553703,-8.743704,-8.483704,-8.243704,-8.253704,-8.163704,-7.8637037,-7.5937037,-7.303704,-7.073704,-6.7737036,-6.4237037,-5.8437037,-5.243704,-4.5037036,-3.5137036,-2.3537035,-0.83370364
-1.6737037,-2.1337037,-4.4337034,-4.4337034,-4.2337036,-5.993704,-6.4737034,-6.7237034,-3.0937035,-2.3437035,-5.4537034,-5.8737035,-6.6937037,-7.3837037,-7.5037036,-7.9737034,-8.413704,-8.823704,-8.953704,-9.143703,-8.973703,-8.753704,-8.593703,-8.583704,-8.653704,-8.873704,-9.023704,-9.053703,-8.903704,-8.613704,-8.503704,-9.033704,-9.013703,-9.053703,-9.083704,-8.953704,-9.293704,-9.323704,-9.203704,-9.003704,-8.8537035,-8.753704,-8.673703,-8.503704,-8.3537035,-8.083704,-7.823704,-7.6637034,-7.4037037,-7.2337036,-6.6037035,-5.9337034,-5.2937036,-4.553704,-3.5537035,-2.4037037,-0.6737036
-5.8837037,-6.5037036,-7.8937035,-8.533704,-7.5937037,-7.0437036,-6.783704,-7.0837035,-7.3337035,-6.8837037,-6.763704,-7.0637035,-7.573704,-7.993704,-8.093703,-8.273704,-8.893703,-9.433703,-9.503704,-9.673703,-9.573704,-9.253704,-9.053703,-8.713703,-8.633703,-8.683703,-8.913704,-9.123704,-9.293704,-9.333704,-9.033704,-8.863704,-8.953704,-8.923703,-8.973703,-9.013703,-9.123704,-9.123704,-8.963703,-8.943704,-8.8537035,-8.743704,-8.683703,-8.413704,-8.263703,-8.303703,-7.9837036,-7.8637037,-7.7137036,-7.4037037,-5.033704,-5.5237036,-5.3137035,-4.4337034,-3.4437037,-2.1337037,-0.6937036
-7.2337036,-7.6637034,-8.043704,-7.9337034,-7.5937037,-7.803704,-8.183703,-8.123704,-8.083704,-8.073704,-7.6937037,-7.823704,-7.0637035,-5.8437037,-8.053703,-7.6437035,-7.763704,-8.713703,-9.143703,-9.553703,-9.923703,-9.453704,-8.933703,-8.803703,-8.893703,-9.1037035,-8.903704,-9.443704,-9.693704,-9.903704,-9.703704,-9.493704,-9.433703,-9.323704,-9.223703,-9.143703,-9.203704,-9.213703,-9.023704,-8.963703,-8.883703,-8.733704,-8.543704,-8.323704,-8.303703,-8.293704,-8.243704,-7.9737034,-6.9237037,-6.9437037,-6.0937037,-5.7037034,-5.053704,-4.013704,-3.2137036,-2.0637035,-0.7337036
